Time of video, Queue Density, Dynamic Density
0.0666092, 0.076875, 0
0.133218, 0.0806288, 0
0.199828, 0.0829861, 0
0.266437, 0.0905093, 0
0.333046, 0.0905556, 0
0.399655, 0.092446, 0
0.466264, 0.0988503, 0
0.532873, 0.101015, 0
0.599483, 0.0992708, 0
0.666092, 0.101069, 0
0.732701, 0.102959, 0
0.79931, 0.102639, 0
0.865919, 0.102025, 0
0.932529, 0.104552, 0
0.999138, 0.109572, 0
1.06575, 0.106821, 0
1.13236, 0.109846, 0
1.19897, 0.112461, 0
1.26557, 0.111848, 0
1.33218, 0.112623, 0
1.39879, 0.11314, 0
1.4654, 0.114753, 0
1.53201, 0.115069, 0
1.59862, 0.119444, 0
1.66523, 0.121335, 0
1.73184, 0.12277, 0
1.79845, 0.128522, 0
1.86506, 0.130941, 0
1.93167, 0.130926, 0
1.99828, 0.134799, 0
2.06488, 0.13591, 0
2.13149, 0.135687, 0
2.1981, 0.135177, 0
2.26471, 0.139059, 0
2.33132, 0.140062, 0
2.39793, 0.139059, 0
2.46454, 0.139988, 0
2.53115, 0.140417, 0
2.59776, 0.13995, 0
2.66437, 0.142458, 0
2.73098, 0.14206, 0
2.79759, 0.140567, 0
2.86419, 0.141335, 0
2.9308, 0.142894, 0
2.99741, 0.140509, 0
3.06402, 0.141732, 0
3.13063, 0.140625, 0
3.19724, 0.136042, 0
3.26385, 0.142126, 0
3.33046, 0.141956, 0
3.39707, 0.147639, 0
3.46368, 0.150417, 0
3.53029, 0.151312, 0
3.5969, 0.152407, 0
3.6635, 0.15517, 0
3.73011, 0.16061, 0
3.79672, 0.160424, 0
3.86333, 0.164498, 0
3.92994, 0.163179, 0
3.99655, 0.16495, 0
4.06316, 0.166535, 0
4.12977, 0.164514, 0
4.19638, 0.164614, 0
4.26299, 0.161134, 0
4.3296, 0.162145, 0
4.39621, 0.162674, 0
4.46282, 0.161732, 0
4.52942, 0.162978, 0
4.59603, 0.160255, 0
4.66264, 0.159213, 0
4.72925, 0.159263, 0
4.79586, 0.161134, 0
4.86247, 0.16044, 0
4.92908, 0.164398, 0
4.99569, 0.165887, 0
5.0623, 0.165216, 0
5.12891, 0.16713, 0
5.19552, 0.168719, 0
5.26213, 0.169923, 0
5.32873, 0.173711, 0
5.39534, 0.173781, 0
5.46195, 0.177469, 0
5.52856, 0.183125, 0
5.59517, 0.185802, 0
5.66178, 0.188812, 0
5.72839, 0.19463, 0
5.795, 0.195224, 0
5.86161, 0.201451, 0
5.92822, 0.209892, 0
5.99483, 0.212315, 0
6.06144, 0.217307, 0
6.12804, 0.217361, 0
6.19465, 0.219005, 0
6.26126, 0.218893, 0
6.32787, 0.214144, 0
6.39448, 0.215305, 0
6.46109, 0.22093, 0
6.5277, 0.21762, 0
6.59431, 0.216732, 0
6.66092, 0.216551, 0
6.72753, 0.212164, 0
6.79414, 0.212836, 0
6.86075, 0.209996, 0
6.92735, 0.210428, 0
6.99396, 0.210297, 0
7.06057, 0.207458, 0
7.12718, 0.211813, 0
7.19379, 0.214695, 0
7.2604, 0.211883, 0
7.32701, 0.220363, 0
7.39362, 0.220984, 0
7.46023, 0.224117, 0
7.52684, 0.225984, 0
7.59345, 0.228333, 0
7.66006, 0.2324, 0
7.72666, 0.237141, 0
7.79327, 0.238499, 0
7.85988, 0.240421, 0
7.92649, 0.242944, 0
7.9931, 0.241829, 0
8.05971, 0.244742, 0
8.12632, 0.241219, 0
8.19293, 0.240312, 0
8.25954, 0.246597, 0
8.32615, 0.24505, 0
8.39276, 0.248052, 0
8.45937, 0.243627, 0
8.52598, 0.245093, 0
8.59258, 0.24662, 0
8.65919, 0.248248, 0
8.7258, 0.247832, 0
8.79241, 0.248854, 0
8.85902, 0.249965, 0
8.92563, 0.251026, 0
8.99224, 0.252809, 0
9.05885, 0.254398, 0
9.12546, 0.255706, 0
9.19207, 0.258329, 0
9.25868, 0.26012, 0
9.32529, 0.257465, 0
9.39189, 0.25777, 0
9.4585, 0.257373, 0
9.52511, 0.256543, 0
9.59172, 0.258692, 0
9.65833, 0.25169, 0
9.72494, 0.250135, 0
9.79155, 0.251617, 0
9.85816, 0.253673, 0
9.92477, 0.249128, 0
9.99138, 0.25402, 0
10.058, 0.250671, 0
10.1246, 0.252674, 0
10.1912, 0.254641, 0
10.2578, 0.254718, 0
10.3244, 0.253835, 0
10.391, 0.251358, 0
10.4576, 0.249668, 0
10.5243, 0.244344, 0
10.5909, 0.245694, 0
10.6575, 0.244491, 0
10.7241, 0.243804, 0
10.7907, 0.242785, 0
10.8573, 0.243079, 0
10.9239, 0.241898, 0
10.9905, 0.244807, 0
11.0571, 0.244012, 0
11.1237, 0.241312, 0
11.1903, 0.239537, 0
11.257, 0.237392, 0
11.3236, 0.24054, 0
11.3902, 0.239853, 0
11.4568, 0.236227, 0
11.5234, 0.235841, 0
11.59, 0.235926, 0
11.6566, 0.236343, 0
11.7232, 0.236026, 0
11.7898, 0.236744, 0
11.8564, 0.236597, 0
11.923, 0.236026, 0
11.9897, 0.233272, 0
12.0563, 0.231505, 0
12.1229, 0.23108, 0
12.1895, 0.230525, 0
12.2561, 0.231829, 0
12.3227, 0.234452, 0
12.3893, 0.233171, 0
12.4559, 0.233688, 0
12.5225, 0.233738, 0
12.5891, 0.234032, 0
12.6557, 0.234394, 0
12.7224, 0.233071, 0
12.789, 0.233866, 0
12.8556, 0.233287, 0
12.9222, 0.234614, 0
12.9888, 0.242145, 0
13.0554, 0.242554, 0
13.122, 0.24027, 0
13.1886, 0.242307, 0
13.2552, 0.239576, 0
13.3218, 0.23956, 0
13.3884, 0.23939, 0
13.4551, 0.238364, 0
13.5217, 0.238179, 0
13.5883, 0.237469, 0
13.6549, 0.238804, 0
13.7215, 0.238642, 0
13.7881, 0.236474, 0
13.8547, 0.237539, 0
13.9213, 0.23956, 0
13.9879, 0.23576, 0
14.0545, 0.236358, 0
14.1211, 0.237315, 0
14.1878, 0.23566, 0
14.2544, 0.234221, 0
14.321, 0.234167, 0
14.3876, 0.237531, 0
14.4542, 0.237978, 0
14.5208, 0.238472, 0
14.5874, 0.238592, 0
14.654, 0.23066, 0
14.7206, 0.227901, 0
14.7872, 0.230802, 0
14.8538, 0.230332, 0
14.9205, 0.232245, 0
14.9871, 0.231983, 0
15.0537, 0.228333, 0
15.1203, 0.230162, 0
15.1869, 0.228804, 0
15.2535, 0.228434, 0
15.3201, 0.233295, 0
15.3867, 0.234468, 0
15.4533, 0.233441, 0
15.5199, 0.233812, 0
15.5865, 0.234853, 0
15.6532, 0.232323, 0
15.7198, 0.234198, 0
15.7864, 0.23713, 0
15.853, 0.23669, 0
15.9196, 0.23436, 0
15.9862, 0.231157, 0
16.0528, 0.22946, 0
16.1194, 0.232022, 0
16.186, 0.231651, 0
16.2526, 0.234213, 0
16.3192, 0.233252, 0
16.3859, 0.230436, 0
16.4525, 0.233171, 0
16.5191, 0.232419, 0
16.5857, 0.232882, 0
16.6523, 0.232249, 0
16.7189, 0.232666, 0
16.7855, 0.232967, 0
16.8521, 0.232334, 0
16.9187, 0.23201, 0
16.9853, 0.231601, 0
17.052, 0.233245, 0
17.1186, 0.235112, 0
17.1852, 0.232635, 0
17.2518, 0.230826, 0
17.3184, 0.229931, 0
17.385, 0.232762, 0
17.4516, 0.232932, 0
17.5182, 0.232114, 0
17.5848, 0.231644, 0
17.6514, 0.231744, 0
17.718, 0.232122, 0
17.7847, 0.232631, 0
17.8513, 0.23169, 0
17.9179, 0.229815, 0
17.9845, 0.227068, 0
18.0511, 0.227369, 0
18.1177, 0.228225, 0
18.1843, 0.228499, 0
18.2509, 0.23022, 0
18.3175, 0.232373, 0
18.3841, 0.232832, 0
18.4507, 0.23517, 0
18.5174, 0.241732, 0
18.584, 0.241462, 0
18.6506, 0.24414, 0
18.7172, 0.246937, 0
18.7838, 0.247998, 0
18.8504, 0.249117, 0
18.917, 0.250795, 0
18.9836, 0.253295, 0
19.0502, 0.252388, 0
19.1168, 0.251285, 0
19.1834, 0.251478, 0
19.2501, 0.249807, 0
19.3167, 0.245633, 0
19.3833, 0.245567, 0
19.4499, 0.245887, 0
19.5165, 0.244637, 0
19.5831, 0.243025, 0
19.6497, 0.237554, 0
19.7163, 0.236115, 0
19.7829, 0.237554, 0
19.8495, 0.238576, 0
19.9161, 0.235401, 0
19.9828, 0.235976, 0
20.0494, 0.234884, 0
20.116, 0.232137, 0
20.1826, 0.232894, 0
20.2492, 0.229823, 0
20.3158, 0.229483, 0
20.3824, 0.229576, 0
20.449, 0.231007, 0
20.5156, 0.231863, 0
20.5822, 0.231092, 0
20.6488, 0.232558, 0
20.7155, 0.232805, 0
20.7821, 0.232793, 0
20.8487, 0.231971, 0
20.9153, 0.232851, 0
20.9819, 0.233029, 0
21.0485, 0.232735, 0
21.1151, 0.232982, 0
21.1817, 0.231516, 0
21.2483, 0.227612, 0
21.3149, 0.233862, 0
21.3815, 0.232396, 0
21.4482, 0.232415, 0
21.5148, 0.23358, 0
21.5814, 0.233013, 0
21.648, 0.23336, 0
21.7146, 0.234776, 0
21.7812, 0.230382, 0
21.8478, 0.230096, 0
21.9144, 0.230706, 0
21.981, 0.230613, 0
22.0476, 0.229217, 0
22.1142, 0.230409, 0
22.1809, 0.232118, 0
22.2475, 0.235004, 0
22.3141, 0.235158, 0
22.3807, 0.233449, 0
22.4473, 0.23314, 0
22.5139, 0.234525, 0
22.5805, 0.232643, 0
22.6471, 0.233588, 0
22.7137, 0.238059, 0
22.7803, 0.237134, 0
22.8469, 0.236844, 0
22.9136, 0.241748, 0
22.9802, 0.234363, 0
23.0468, 0.234846, 0
23.1134, 0.238619, 0
23.18, 0.239082, 0
23.2466, 0.239228, 0
23.3132, 0.238098, 0
23.3798, 0.238472, 0
23.4464, 0.237238, 0
23.513, 0.239657, 0
23.5796, 0.239414, 0
23.6463, 0.237064, 0
23.7129, 0.239545, 0
23.7795, 0.240216, 0
23.8461, 0.240872, 0
23.9127, 0.238237, 0
23.9793, 0.242319, 0
24.0459, 0.243357, 0
24.1125, 0.243549, 0
24.1791, 0.243584, 0
24.2457, 0.243708, 0
24.3124, 0.244599, 0
24.379, 0.243958, 0
24.4456, 0.244333, 0
24.5122, 0.242577, 0
24.5788, 0.242126, 0
24.6454, 0.240189, 0
24.712, 0.23983, 0
24.7786, 0.239637, 0
24.8452, 0.242755, 0
24.9118, 0.241871, 0
24.9784, 0.241709, 0
25.0451, 0.240467, 0
25.1117, 0.241802, 0
25.1783, 0.24321, 0
25.2449, 0.24086, 0
25.3115, 0.243441, 0
25.3781, 0.242647, 0
25.4447, 0.245374, 0
25.5113, 0.245189, 0
25.5779, 0.247758, 0
25.6445, 0.249147, 0
25.7111, 0.251281, 0
25.7778, 0.253191, 0
25.8444, 0.254186, 0
25.911, 0.25537, 0
25.9776, 0.254367, 0
26.0442, 0.255853, 0
26.1108, 0.255779, 0
26.1774, 0.255833, 0
26.244, 0.257218, 0
26.3106, 0.252504, 0
26.3772, 0.251015, 0
26.4438, 0.255648, 0
26.5105, 0.255239, 0
26.5771, 0.254356, 0
26.6437, 0.254444, 0
26.7103, 0.25294, 0
26.7769, 0.255733, 0
26.8435, 0.258275, 0
26.9101, 0.263414, 0
26.9767, 0.264749, 0
27.0433, 0.27108, 0
27.1099, 0.276227, 0
27.1765, 0.277184, 0
27.2432, 0.286887, 0
27.3098, 0.294664, 0
27.3764, 0.299352, 0
27.443, 0.306115, 0
27.5096, 0.312928, 0
27.5762, 0.314479, 0
27.6428, 0.318573, 0
27.7094, 0.324479, 0
27.776, 0.327978, 0
27.8426, 0.333781, 0
27.9092, 0.335748, 0
27.9759, 0.337971, 0
28.0425, 0.344796, 0
28.1091, 0.350243, 0
28.1757, 0.352203, 0
28.2423, 0.359167, 0
28.3089, 0.366181, 0
28.3755, 0.367566, 0
28.4421, 0.373113, 0
28.5087, 0.377843, 0
28.5753, 0.381775, 0
28.6419, 0.385444, 0
28.7086, 0.389302, 0
28.7752, 0.393098, 0
28.8418, 0.398954, 0
28.9084, 0.402149, 0
28.975, 0.404452, 0
29.0416, 0.406385, 0
29.1082, 0.408534, 0
29.1748, 0.413067, 0
29.2414, 0.417326, 0
29.308, 0.417423, 0
29.3746, 0.416462, 0
29.4413, 0.417878, 0
29.5079, 0.421524, 0
29.5745, 0.42262, 0
29.6411, 0.414371, 0
29.7077, 0.416246, 0
29.7743, 0.420471, 0
29.8409, 0.420428, 0
29.9075, 0.424799, 0
29.9741, 0.425802, 0
30.0407, 0.427855, 0
30.1073, 0.430602, 0
30.174, 0.432319, 0
30.2406, 0.434826, 0
30.3072, 0.435787, 0
30.3738, 0.437816, 0
30.4404, 0.440127, 0
30.507, 0.442257, 0
30.5736, 0.444105, 0
30.6402, 0.44473, 0
30.7068, 0.44245, 0
30.7734, 0.444441, 0
30.8401, 0.443561, 0
30.9067, 0.445475, 0
30.9733, 0.446613, 0
31.0399, 0.444105, 0
31.1065, 0.444583, 0
31.1731, 0.443661, 0
31.2397, 0.447238, 0
31.3063, 0.456343, 0
31.3729, 0.454174, 0
31.4395, 0.457064, 0
31.5061, 0.457168, 0
31.5728, 0.457215, 0
31.6394, 0.45983, 0
31.706, 0.459657, 0
31.7726, 0.457411, 0
31.8392, 0.459336, 0
31.9058, 0.458434, 0
31.9724, 0.45912, 0
32.039, 0.462384, 0
32.1056, 0.461586, 0
32.1722, 0.462207, 0
32.2388, 0.462045, 0
32.3055, 0.462454, 0
32.3721, 0.462705, 0
32.4387, 0.461586, 0
32.5053, 0.460718, 0
32.5719, 0.461566, 0
32.6385, 0.461559, 0
32.7051, 0.460972, 0
32.7717, 0.460147, 0
32.8383, 0.459579, 0
32.9049, 0.462847, 0
32.9715, 0.462334, 0
33.0382, 0.464491, 0
33.1048, 0.46571, 0
33.1714, 0.466177, 0
33.238, 0.470205, 0
33.3046, 0.475409, 0
33.3712, 0.472635, 0
33.4378, 0.476929, 0
33.5044, 0.48316, 0
33.571, 0.482268, 0
33.6376, 0.48956, 0
33.7042, 0.497245, 0
33.7709, 0.497739, 0
33.8375, 0.50267, 0
33.9041, 0.508283, 0
33.9707, 0.508854, 0
34.0373, 0.514225, 0
34.1039, 0.517087, 0
34.1705, 0.517427, 0
34.2371, 0.514977, 0
34.3037, 0.518368, 0
34.3703, 0.520525, 0
34.4369, 0.518499, 0
34.5036, 0.521069, 0
34.5702, 0.521111, 0
34.6368, 0.527812, 0
34.7034, 0.528191, 0
34.77, 0.53282, 0
34.8366, 0.532342, 0
34.9032, 0.533665, 0
34.9698, 0.535583, 0
35.0364, 0.535671, 0
35.103, 0.536782, 0
35.1696, 0.540343, 0
35.2363, 0.541007, 0
35.3029, 0.540968, 0
35.3695, 0.5389, 0
35.4361, 0.539761, 0
35.5027, 0.540316, 0
35.5693, 0.539001, 0
35.6359, 0.538495, 0
35.7025, 0.537388, 0
35.7691, 0.536173, 0
35.8357, 0.536809, 0
35.9023, 0.539958, 0
35.969, 0.544059, 0
36.0356, 0.538638, 0
36.1022, 0.541605, 0
36.1688, 0.545428, 0
36.2354, 0.544444, 0
36.302, 0.52059, 0
36.3686, 0.524691, 0
36.4352, 0.524545, 0
36.5018, 0.526092, 0
36.5684, 0.526555, 0
36.635, 0.524221, 0
36.7017, 0.524973, 0
36.7683, 0.526566, 0
36.8349, 0.525907, 0
36.9015, 0.526767, 0
36.9681, 0.525702, 0
37.0347, 0.523086, 0
37.1013, 0.526238, 0
37.1679, 0.525015, 0
37.2345, 0.519032, 0
37.3011, 0.519988, 0
37.3678, 0.524128, 0
37.4344, 0.525787, 0
37.501, 0.521875, 0
37.5676, 0.520278, 0
37.6342, 0.51929, 0
37.7008, 0.51863, 0
37.7674, 0.521327, 0
37.834, 0.517431, 0
37.9006, 0.519579, 0
37.9672, 0.524811, 0
38.0338, 0.526304, 0
38.1005, 0.530382, 0
38.1671, 0.533275, 0
38.2337, 0.535201, 0
38.3003, 0.537635, 0
38.3669, 0.537404, 0
38.4335, 0.537207, 0
38.5001, 0.539012, 0
38.5667, 0.544124, 0
38.6333, 0.547886, 0
38.6999, 0.54951, 0
38.7665, 0.550521, 0
38.8332, 0.550829, 0
38.8998, 0.549313, 0
38.9664, 0.552542, 0
39.033, 0.556582, 0
39.0996, 0.558279, 0
39.1662, 0.559587, 0
39.2328, 0.559332, 0
39.2994, 0.560698, 0
39.366, 0.56169, 0
39.4326, 0.558681, 0
39.4992, 0.560039, 0
39.5659, 0.560995, 0
39.6325, 0.54664, 0
39.6991, 0.548804, 0
39.7657, 0.55, 0
39.8323, 0.554545, 0
39.8989, 0.556323, 0
39.9655, 0.558326, 0
40.0321, 0.559911, 0
40.0987, 0.561007, 0
40.1653, 0.561208, 0
40.2319, 0.563175, 0
40.2986, 0.566578, 0
40.3652, 0.564375, 0
40.4318, 0.567581, 0
40.4984, 0.570305, 0
40.565, 0.568009, 0
40.6316, 0.569799, 0
40.6982, 0.578426, 0
40.7648, 0.580405, 0
40.8314, 0.581659, 0
40.898, 0.586705, 0
40.9646, 0.589769, 0
41.0313, 0.590455, 0
41.0979, 0.593708, 0
41.1645, 0.592693, 0
41.2311, 0.596485, 0
41.2977, 0.592531, 0
41.3643, 0.596034, 0
41.4309, 0.601019, 0
41.4975, 0.605718, 0
41.5641, 0.603067, 0
41.6307, 0.6074, 0
41.6973, 0.607049, 0
41.764, 0.605274, 0
41.8306, 0.60424, 0
41.8972, 0.604823, 0
41.9638, 0.607558, 0
42.0304, 0.607064, 0
42.097, 0.611678, 0
42.1636, 0.613472, 0
42.2302, 0.610637, 0
42.2968, 0.612986, 0
42.3634, 0.613584, 0
42.43, 0.611771, 0
42.4967, 0.609155, 0
42.5633, 0.611146, 0
42.6299, 0.611285, 0
42.6965, 0.611161, 0
42.7631, 0.610224, 0
42.8297, 0.612913, 0
42.8963, 0.612126, 0
42.9629, 0.62233, 0
43.0295, 0.624506, 0
43.0961, 0.626466, 0
43.1627, 0.628214, 0
43.2294, 0.630536, 0
43.296, 0.630432, 0
43.3626, 0.630725, 0
43.4292, 0.628283, 0
43.4958, 0.628642, 0
43.5624, 0.628623, 0
43.629, 0.631578, 0
43.6956, 0.632157, 0
43.7622, 0.634074, 0
43.8288, 0.634279, 0
43.8954, 0.635532, 0
43.9621, 0.635637, 0
44.0287, 0.635679, 0
44.0953, 0.636146, 0
44.1619, 0.636825, 0
44.2285, 0.635536, 0
44.2951, 0.63789, 0
44.3617, 0.638565, 0
44.4283, 0.638603, 0
44.4949, 0.638792, 0
44.5615, 0.640459, 0
44.6282, 0.619807, 0
44.6948, 0.623268, 0
44.7614, 0.620772, 0
44.828, 0.626046, 0
44.8946, 0.625802, 0
44.9612, 0.62929, 0
45.0278, 0.626794, 0
45.0944, 0.627728, 0
45.161, 0.630393, 0
45.2276, 0.627766, 0
45.2942, 0.629132, 0
45.3609, 0.631917, 0
45.4275, 0.633951, 0
45.4941, 0.635417, 0
45.5607, 0.638341, 0
45.6273, 0.636003, 0
45.6939, 0.639526, 0
45.7605, 0.63804, 0
45.8271, 0.637454, 0
45.8937, 0.640567, 0
45.9603, 0.639456, 0
46.0269, 0.638422, 0
46.0936, 0.639676, 0
46.1602, 0.641304, 0
46.2268, 0.641242, 0
46.2934, 0.625683, 0
46.36, 0.622616, 0
46.4266, 0.626173, 0
46.4932, 0.626856, 0
46.5598, 0.627295, 0
46.6264, 0.626393, 0
46.693, 0.626717, 0
46.7596, 0.627238, 0
46.8263, 0.628943, 0
46.8929, 0.630309, 0
46.9595, 0.630031, 0
47.0261, 0.631096, 0
47.0927, 0.633395, 0
47.1593, 0.634159, 0
47.2259, 0.633329, 0
47.2925, 0.633275, 0
47.3591, 0.635459, 0
47.4257, 0.634583, 0
47.4923, 0.635799, 0
47.559, 0.635313, 0
47.6256, 0.63843, 0
47.6922, 0.638955, 0
47.7588, 0.63936, 0
47.8254, 0.641034, 0
47.892, 0.641165, 0
47.9586, 0.633596, 0
48.0252, 0.634051, 0
48.0918, 0.635918, 0
48.1584, 0.63841, 0
48.225, 0.63743, 0
48.2917, 0.637901, 0
48.3583, 0.639163, 0
48.4249, 0.640455, 0
48.4915, 0.636694, 0
48.5581, 0.637299, 0
48.6247, 0.63919, 0
48.6913, 0.640147, 0
48.7579, 0.641532, 0
48.8245, 0.639151, 0
48.8911, 0.643897, 0
48.9577, 0.642153, 0
49.0244, 0.643549, 0
49.091, 0.643009, 0
49.1576, 0.641204, 0
49.2242, 0.642897, 0
49.2908, 0.641798, 0
49.3574, 0.64137, 0
49.424, 0.644711, 0
49.4906, 0.645702, 0
49.5572, 0.644772, 0
49.6238, 0.622357, 0
49.6904, 0.627022, 0
49.7571, 0.628318, 0
49.8237, 0.630567, 0
49.8903, 0.629506, 0
49.9569, 0.632488, 0
50.0235, 0.612222, 0
50.0901, 0.615475, 0
50.1567, 0.617365, 0
50.2233, 0.616833, 0
50.2899, 0.617643, 0
50.3565, 0.617766, 0
50.4231, 0.622257, 0
50.4898, 0.620556, 0
50.5564, 0.622095, 0
50.623, 0.624275, 0
50.6896, 0.625714, 0
50.7562, 0.625968, 0
50.8228, 0.625039, 0
50.8894, 0.626273, 0
50.956, 0.625112, 0
51.0226, 0.625332, 0
51.0892, 0.628032, 0
51.1559, 0.624985, 0
51.2225, 0.627504, 0
51.2891, 0.638831, 0
51.3557, 0.63664, 0
51.4223, 0.63762, 0
51.4889, 0.637504, 0
51.5555, 0.634699, 0
51.6221, 0.638889, 0
51.6887, 0.638002, 0
51.7553, 0.645934, 0
51.8219, 0.643291, 0
51.8886, 0.642982, 0
51.9552, 0.642234, 0
52.0218, 0.64331, 0
52.0884, 0.648796, 0
52.155, 0.65059, 0
52.2216, 0.650756, 0
52.2882, 0.648654, 0
52.3548, 0.649009, 0
52.4214, 0.65066, 0
52.488, 0.650552, 0
52.5546, 0.652195, 0
52.6213, 0.654113, 0
52.6879, 0.660999, 0
52.7545, 0.664012, 0
52.8211, 0.666134, 0
52.8877, 0.668287, 0
52.9543, 0.62816, 0
53.0209, 0.625745, 0
53.0875, 0.628827, 0
53.1541, 0.635154, 0
53.2207, 0.634904, 0
53.2873, 0.640532, 0
53.354, 0.644514, 0
53.4206, 0.645814, 0
53.4872, 0.645378, 0
53.5538, 0.642384, 0
53.6204, 0.646752, 0
53.687, 0.646362, 0
53.7536, 0.649039, 0
53.8202, 0.65375, 0
53.8868, 0.653403, 0
53.9534, 0.653187, 0
54.02, 0.653611, 0
54.0867, 0.654622, 0
54.1533, 0.656354, 0
54.2199, 0.657361, 0
54.2865, 0.656713, 0
54.3531, 0.654101, 0
54.4197, 0.656404, 0
54.4863, 0.659838, 0
54.5529, 0.662095, 0
54.6195, 0.655139, 0
54.6861, 0.655417, 0
54.7527, 0.654136, 0
54.8194, 0.653198, 0
54.886, 0.656941, 0
54.9526, 0.656536, 0
55.0192, 0.655961, 0
55.0858, 0.658272, 0
55.1524, 0.660579, 0
55.219, 0.660648, 0
55.2856, 0.660189, 0
55.3522, 0.663561, 0
55.4188, 0.663947, 0
55.4854, 0.663954, 0
55.5521, 0.664352, 0
55.6187, 0.667442, 0
55.6853, 0.66711, 0
55.7519, 0.668866, 0
55.8185, 0.669309, 0
55.8851, 0.671566, 0
55.9517, 0.671651, 0
56.0183, 0.674194, 0
56.0849, 0.673384, 0
56.1515, 0.675625, 0
56.2181, 0.675486, 0
56.2848, 0.670212, 0
56.3514, 0.669155, 0
56.418, 0.670401, 0
56.4846, 0.674089, 0
56.5512, 0.670907, 0
56.6178, 0.675459, 0
56.6844, 0.674441, 0
56.751, 0.675621, 0
56.8176, 0.67294, 0
56.8842, 0.67414, 0
56.9508, 0.671856, 0
57.0175, 0.676462, 0
57.0841, 0.673947, 0
57.1507, 0.677639, 0
57.2173, 0.679329, 0
57.2839, 0.678179, 0
57.3505, 0.679198, 0
57.4171, 0.679549, 0
57.4837, 0.680012, 0
57.5503, 0.680405, 0
57.6169, 0.681964, 0
57.6836, 0.680961, 0
57.7502, 0.682724, 0
57.8168, 0.682276, 0
57.8834, 0.680278, 0
57.95, 0.664444, 0
58.0166, 0.66392, 0
58.0832, 0.66363, 0
58.1498, 0.664414, 0
58.2164, 0.667693, 0
58.283, 0.664363, 0
58.3496, 0.665783, 0
58.4163, 0.663924, 0
58.4829, 0.666169, 0
58.5495, 0.666674, 0
58.6161, 0.652056, 0
58.6827, 0.651551, 0
58.7493, 0.653029, 0
58.8159, 0.651728, 0
58.8825, 0.652037, 0
58.9491, 0.653893, 0
59.0157, 0.654151, 0
59.0823, 0.655787, 0
59.149, 0.658113, 0
59.2156, 0.65909, 0
59.2822, 0.659846, 0
59.3488, 0.658414, 0
59.4154, 0.660405, 0
59.482, 0.658927, 0
59.5486, 0.661042, 0
59.6152, 0.66169, 0
59.6818, 0.661921, 0
59.7484, 0.663534, 0
59.815, 0.663823, 0
59.8817, 0.663013, 0
59.9483, 0.662913, 0
60.0149, 0.664155, 0
60.0815, 0.667951, 0
60.1481, 0.669309, 0
60.2147, 0.668885, 0
60.2813, 0.678735, 0
60.3479, 0.679039, 0
60.4145, 0.679865, 0
60.4811, 0.679776, 0
60.5477, 0.681937, 0
60.6144, 0.679502, 0
60.681, 0.678619, 0
60.7476, 0.679221, 0
60.8142, 0.680355, 0
60.8808, 0.67919, 0
60.9474, 0.680911, 0
61.014, 0.679718, 0
61.0806, 0.678067, 0
61.1472, 0.676987, 0
61.2138, 0.675162, 0
61.2804, 0.673688, 0
61.3471, 0.6763, 0
61.4137, 0.677276, 0
61.4803, 0.677928, 0
61.5469, 0.680513, 0
61.6135, 0.680995, 0
61.6801, 0.680347, 0
61.7467, 0.682272, 0
61.8133, 0.684471, 0
61.8799, 0.686011, 0
61.9465, 0.660968, 0
62.0131, 0.659745, 0
62.0798, 0.659691, 0
62.1464, 0.662492, 0
62.213, 0.661501, 0
62.2796, 0.663534, 0
62.3462, 0.66522, 0
62.4128, 0.667905, 0
62.4794, 0.671142, 0
62.546, 0.670702, 0
62.6126, 0.67358, 0
62.6792, 0.673534, 0
62.7458, 0.673129, 0
62.8125, 0.677303, 0
62.8791, 0.678384, 0
62.9457, 0.678812, 0
63.0123, 0.676547, 0
63.0789, 0.676443, 0
63.1455, 0.6764, 0
63.2121, 0.678816, 0
63.2787, 0.677473, 0
63.3453, 0.675505, 0
63.4119, 0.677006, 0
63.4785, 0.673279, 0
63.5452, 0.673704, 0
63.6118, 0.672747, 0
63.6784, 0.672535, 0
63.745, 0.673742, 0
63.8116, 0.671065, 0
63.8782, 0.677693, 0
63.9448, 0.67431, 0
64.0114, 0.67436, 0
64.078, 0.677855, 0
64.1446, 0.677627, 0
64.2112, 0.675995, 0
64.2779, 0.678484, 0
64.3445, 0.678353, 0
64.4111, 0.679633, 0
64.4777, 0.679923, 0
64.5443, 0.679722, 0
64.6109, 0.681215, 0
64.6775, 0.681821, 0
64.7441, 0.681744, 0
64.8107, 0.683673, 0
64.8773, 0.683634, 0
64.944, 0.68434, 0
65.0106, 0.686848, 0
65.0772, 0.687813, 0
65.1438, 0.685756, 0
65.2104, 0.686215, 0
65.277, 0.677554, 0
65.3436, 0.676925, 0
65.4102, 0.679784, 0
65.4768, 0.680197, 0
65.5434, 0.682002, 0
65.61, 0.682218, 0
65.6767, 0.682774, 0
65.7433, 0.681582, 0
65.8099, 0.679205, 0
65.8765, 0.680594, 0
65.9431, 0.684672, 0
66.0097, 0.683727, 0
66.0763, 0.683252, 0
66.1429, 0.687519, 0
66.2095, 0.689279, 0
66.2761, 0.690359, 0
66.3427, 0.691547, 0
66.4094, 0.691431, 0
66.476, 0.691536, 0
66.5426, 0.692465, 0
66.6092, 0.691728, 0
66.6758, 0.670714, 0
66.7424, 0.672072, 0
66.809, 0.670992, 0
66.8756, 0.670749, 0
66.9422, 0.66696, 0
67.0088, 0.667577, 0
67.0754, 0.668916, 0
67.1421, 0.669174, 0
67.2087, 0.667847, 0
67.2753, 0.670139, 0
67.3419, 0.660397, 0
67.4085, 0.660428, 0
67.4751, 0.661547, 0
67.5417, 0.663198, 0
67.6083, 0.66196, 0
67.6749, 0.6638, 0
67.7415, 0.664147, 0
67.8081, 0.663669, 0
67.8748, 0.664124, 0
67.9414, 0.664271, 0
68.008, 0.665262, 0
68.0746, 0.666246, 0
68.1412, 0.668148, 0
68.2078, 0.666655, 0
68.2744, 0.668596, 0
68.341, 0.666454, 0
68.4076, 0.664309, 0
68.4742, 0.666424, 0
68.5408, 0.66608, 0
68.6075, 0.666111, 0
68.6741, 0.665941, 0
68.7407, 0.668924, 0
68.8073, 0.668048, 0
68.8739, 0.668707, 0
68.9405, 0.668904, 0
69.0071, 0.666408, 0
69.0737, 0.66451, 0
69.1403, 0.66745, 0
69.2069, 0.667971, 0
69.2735, 0.67061, 0
69.3402, 0.670185, 0
69.4068, 0.670413, 0
69.4734, 0.670575, 0
69.54, 0.670351, 0
69.6066, 0.667766, 0
69.6732, 0.671385, 0
69.7398, 0.672874, 0
69.8064, 0.676285, 0
69.873, 0.676065, 0
69.9396, 0.675193, 0
70.0062, 0.677735, 0
70.0729, 0.676917, 0
70.1395, 0.675498, 0
70.2061, 0.677265, 0
70.2727, 0.676312, 0
70.3393, 0.67397, 0
70.4059, 0.675058, 0
70.4725, 0.674086, 0
70.5391, 0.67782, 0
70.6057, 0.676424, 0
70.6723, 0.671373, 0
70.7389, 0.671377, 0
70.8056, 0.668295, 0
70.8722, 0.668588, 0
70.9388, 0.667562, 0
71.0054, 0.669429, 0
71.072, 0.669919, 0
71.1386, 0.670328, 0
71.2052, 0.670498, 0
71.2718, 0.669549, 0
71.3384, 0.674823, 0
71.405, 0.673048, 0
71.4717, 0.673677, 0
71.5383, 0.672677, 0
71.6049, 0.677257, 0
71.6715, 0.67635, 0
71.7381, 0.678939, 0
71.8047, 0.676775, 0
71.8713, 0.680772, 0
71.9379, 0.679552, 0
72.0045, 0.682928, 0
72.0711, 0.682145, 0
72.1377, 0.684533, 0
72.2044, 0.683356, 0
72.271, 0.683816, 0
72.3376, 0.672535, 0
72.4042, 0.672932, 0
72.4708, 0.672064, 0
72.5374, 0.672624, 0
72.604, 0.67206, 0
72.6706, 0.671597, 0
72.7372, 0.667693, 0
72.8038, 0.67554, 0
72.8704, 0.671343, 0
72.9371, 0.67147, 0
73.0037, 0.672647, 0
73.0703, 0.672122, 0
73.1369, 0.670729, 0
73.2035, 0.672041, 0
73.2701, 0.67044, 0
73.3367, 0.670741, 0
73.4033, 0.672859, 0
73.4699, 0.672404, 0
73.5365, 0.673345, 0
73.6031, 0.674796, 0
73.6698, 0.67348, 0
73.7364, 0.673654, 0
73.803, 0.675112, 0
73.8696, 0.674232, 0
73.9362, 0.672377, 0
74.0028, 0.669718, 0
74.0694, 0.667967, 0
74.136, 0.668495, 0
74.2026, 0.671478, 0
74.2692, 0.671416, 0
74.3358, 0.671154, 0
74.4025, 0.673376, 0
74.4691, 0.675567, 0
74.5357, 0.675239, 0
74.6023, 0.675486, 0
74.6689, 0.676863, 0
74.7355, 0.677639, 0
74.8021, 0.676493, 0
74.8687, 0.676447, 0
74.9353, 0.674417, 0
75.0019, 0.676343, 0
75.0685, 0.675995, 0
75.1352, 0.67544, 0
75.2018, 0.673503, 0
75.2684, 0.677998, 0
75.335, 0.678418, 0
75.4016, 0.677955, 0
75.4682, 0.677411, 0
75.5348, 0.674271, 0
75.6014, 0.678017, 0
75.668, 0.661065, 0
75.7346, 0.65875, 0
75.8012, 0.658341, 0
75.8679, 0.660787, 0
75.9345, 0.664128, 0
76.0011, 0.662971, 0
76.0677, 0.664198, 0
76.1343, 0.659969, 0
76.2009, 0.660849, 0
76.2675, 0.661998, 0
76.3341, 0.662832, 0
76.4007, 0.663511, 0
76.4673, 0.664105, 0
76.5339, 0.667974, 0
76.6006, 0.666169, 0
76.6672, 0.666875, 0
76.7338, 0.669552, 0
76.8004, 0.668102, 0
76.867, 0.668854, 0
76.9336, 0.665505, 0
77.0002, 0.667978, 0
77.0668, 0.668044, 0
77.1334, 0.66593, 0
77.2, 0.668372, 0
77.2666, 0.670174, 0
77.3333, 0.679093, 0
77.3999, 0.67593, 0
77.4665, 0.676713, 0
77.5331, 0.678727, 0
77.5997, 0.676779, 0
77.6663, 0.676898, 0
77.7329, 0.680633, 0
77.7995, 0.674275, 0
77.8661, 0.676316, 0
77.9327, 0.676752, 0
77.9994, 0.678619, 0
78.066, 0.684248, 0
78.1326, 0.677959, 0
78.1992, 0.675629, 0
78.2658, 0.675752, 0
78.3324, 0.680868, 0
78.399, 0.678665, 0
78.4656, 0.678885, 0
78.5322, 0.678302, 0
78.5988, 0.682133, 0
78.6654, 0.681632, 0
78.7321, 0.680791, 0
78.7987, 0.682697, 0
78.8653, 0.685529, 0
78.9319, 0.683133, 0
78.9985, 0.674024, 0
79.0651, 0.673939, 0
79.1317, 0.674448, 0
79.1983, 0.676786, 0
79.2649, 0.676813, 0
79.3315, 0.675552, 0
79.3981, 0.673669, 0
79.4648, 0.676451, 0
79.5314, 0.678218, 0
79.598, 0.678765, 0
79.6646, 0.676397, 0
79.7312, 0.678306, 0
79.7978, 0.68049, 0
79.8644, 0.680575, 0
79.931, 0.680386, 0
79.9976, 0.680602, 0
80.0642, 0.679367, 0
80.1308, 0.678823, 0
80.1975, 0.68027, 0
80.2641, 0.680409, 0
80.3307, 0.679151, 0
80.3973, 0.680748, 0
80.4639, 0.680151, 0
80.5305, 0.679992, 0
80.5971, 0.68005, 0
80.6637, 0.674248, 0
80.7303, 0.672319, 0
80.7969, 0.670367, 0
80.8635, 0.669942, 0
80.9302, 0.674406, 0
80.9968, 0.671296, 0
81.0634, 0.673642, 0
81.13, 0.672894, 0
81.1966, 0.676724, 0
81.2632, 0.675579, 0
81.3298, 0.678002, 0
81.3964, 0.677373, 0
81.463, 0.679803, 0
81.5296, 0.678677, 0
81.5962, 0.68098, 0
81.6629, 0.679568, 0
81.7295, 0.679772, 0
81.7961, 0.679896, 0
81.8627, 0.680378, 0
81.9293, 0.681833, 0
81.9959, 0.683356, 0
82.0625, 0.681416, 0
82.1291, 0.681346, 0
82.1957, 0.679375, 0
82.2623, 0.680525, 0
82.3289, 0.683079, 0
82.3956, 0.683561, 0
82.4622, 0.68316, 0
82.5288, 0.687681, 0
82.5954, 0.687361, 0
82.662, 0.687623, 0
82.7286, 0.690702, 0
82.7952, 0.690424, 0
82.8618, 0.691123, 0
82.9284, 0.692948, 0
82.995, 0.685536, 0
83.0616, 0.688403, 0
83.1283, 0.689078, 0
83.1949, 0.686509, 0
83.2615, 0.689495, 0
83.3281, 0.679055, 0
83.3947, 0.680598, 0
83.4613, 0.681273, 0
83.5279, 0.678052, 0
83.5945, 0.683291, 0
83.6611, 0.681559, 0
83.7277, 0.684722, 0
83.7943, 0.68706, 0
83.861, 0.687033, 0
83.9276, 0.689842, 0
83.9942, 0.6675, 0
84.0608, 0.670204, 0
84.1274, 0.671647, 0
84.194, 0.671381, 0
84.2606, 0.674325, 0
84.3272, 0.67436, 0
84.3938, 0.676188, 0
84.4604, 0.671096, 0
84.527, 0.678052, 0
84.5937, 0.678403, 0
84.6603, 0.68137, 0
84.7269, 0.680131, 0
84.7935, 0.679583, 0
84.8601, 0.682562, 0
84.9267, 0.679518, 0
84.9933, 0.679996, 0
85.0599, 0.682095, 0
85.1265, 0.680953, 0
85.1931, 0.678175, 0
85.2598, 0.676917, 0
85.3264, 0.674792, 0
85.393, 0.674259, 0
85.4596, 0.675193, 0
85.5262, 0.675428, 0
85.5928, 0.6737, 0
85.6594, 0.681161, 0
85.726, 0.681914, 0
85.7926, 0.682388, 0
85.8592, 0.684483, 0
85.9258, 0.687203, 0
85.9925, 0.688943, 0
86.0591, 0.688438, 0
86.1257, 0.687149, 0
86.1923, 0.689803, 0
86.2589, 0.689726, 0
86.3255, 0.690668, 0
86.3921, 0.689221, 0
86.4587, 0.688835, 0
86.5253, 0.684136, 0
86.5919, 0.684275, 0
86.6585, 0.683511, 0
86.7252, 0.68478, 0
86.7918, 0.686173, 0
86.8584, 0.686759, 0
86.925, 0.68458, 0
86.9916, 0.683538, 0
87.0582, 0.682299, 0
87.1248, 0.682635, 0
87.1914, 0.682693, 0
87.258, 0.682392, 0
87.3246, 0.657353, 0
87.3912, 0.657083, 0
87.4579, 0.657249, 0
87.5245, 0.659186, 0
87.5911, 0.661593, 0
87.6577, 0.658738, 0
87.7243, 0.662716, 0
87.7909, 0.663943, 0
87.8575, 0.664826, 0
87.9241, 0.668056, 0
87.9907, 0.66735, 0
88.0573, 0.670856, 0
88.1239, 0.667747, 0
88.1906, 0.666898, 0
88.2572, 0.666667, 0
88.3238, 0.670864, 0
88.3904, 0.667296, 0
88.457, 0.670351, 0
88.5236, 0.669533, 0
88.5902, 0.667373, 0
88.6568, 0.670374, 0
88.7234, 0.669664, 0
88.79, 0.670096, 0
88.8566, 0.669742, 0
88.9233, 0.668661, 0
88.9899, 0.662701, 0
89.0565, 0.664788, 0
89.1231, 0.665089, 0
89.1897, 0.665556, 0
89.2563, 0.664074, 0
89.3229, 0.665444, 0
89.3895, 0.665324, 0
89.4561, 0.663434, 0
89.5227, 0.664437, 0
89.5893, 0.664302, 0
89.656, 0.664506, 0
89.7226, 0.667164, 0
89.7892, 0.667226, 0
89.8558, 0.665799, 0
89.9224, 0.667095, 0
89.989, 0.666771, 0
90.0556, 0.668002, 0
90.1222, 0.668677, 0
90.1888, 0.66853, 0
90.2554, 0.669823, 0
90.322, 0.670629, 0
90.3887, 0.671296, 0
90.4553, 0.668731, 0
90.5219, 0.668503, 0
90.5885, 0.668596, 0
90.6551, 0.655718, 0
90.7217, 0.656875, 0
90.7883, 0.660123, 0
90.8549, 0.662052, 0
90.9215, 0.663453, 0
90.9881, 0.664271, 0
91.0547, 0.663885, 0
91.1214, 0.663746, 0
91.188, 0.664676, 0
91.2546, 0.666555, 0
91.3212, 0.664236, 0
91.3878, 0.662855, 0
91.4544, 0.66375, 0
91.521, 0.661528, 0
91.5876, 0.664869, 0
91.6542, 0.664078, 0
91.7208, 0.663079, 0
91.7875, 0.665633, 0
91.8541, 0.66424, 0
91.9207, 0.665775, 0
91.9873, 0.667481, 0
92.0539, 0.666424, 0
92.1205, 0.66527, 0
92.1871, 0.667693, 0
92.2537, 0.666485, 0
92.3203, 0.669225, 0
92.3869, 0.669252, 0
92.4535, 0.671412, 0
92.5202, 0.6726, 0
92.5868, 0.672427, 0
92.6534, 0.67647, 0
92.72, 0.676223, 0
92.7866, 0.676536, 0
92.8532, 0.675872, 0
92.9198, 0.677917, 0
92.9864, 0.677963, 0
93.053, 0.678712, 0
93.1196, 0.680062, 0
93.1862, 0.679661, 0
93.2529, 0.67988, 0
93.3195, 0.679236, 0
93.3861, 0.683237, 0
93.4527, 0.682473, 0
93.5193, 0.681852, 0
93.5859, 0.680702, 0
93.6525, 0.679556, 0
93.7191, 0.677531, 0
93.7857, 0.680976, 0
93.8523, 0.681358, 0
93.9189, 0.681084, 0
93.9856, 0.669259, 0
94.0522, 0.669171, 0
94.1188, 0.669699, 0
94.1854, 0.673696, 0
94.252, 0.671613, 0
94.3186, 0.672072, 0
94.3852, 0.675093, 0
94.4518, 0.675776, 0
94.5184, 0.675089, 0
94.585, 0.675216, 0
94.6516, 0.676215, 0
94.7183, 0.678569, 0
94.7849, 0.678044, 0
94.8515, 0.678083, 0
94.9181, 0.68012, 0
94.9847, 0.679715, 0
95.0513, 0.682377, 0
95.1179, 0.68189, 0
95.1845, 0.684109, 0
95.2511, 0.689703, 0
95.3177, 0.69255, 0
95.3843, 0.691701, 0
95.451, 0.693017, 0
95.5176, 0.695312, 0
95.5842, 0.697446, 0
95.6508, 0.698962, 0
95.7174, 0.696397, 0
95.784, 0.700968, 0
95.8506, 0.703329, 0
95.9172, 0.702515, 0
95.9838, 0.707103, 0
96.0504, 0.706505, 0
96.117, 0.711759, 0
96.1837, 0.716173, 0
96.2503, 0.715116, 0
96.3169, 0.719398, 0
96.3835, 0.720517, 0
96.4501, 0.71961, 0
96.5167, 0.724213, 0
96.5833, 0.726296, 0
96.6499, 0.729117, 0
96.7165, 0.731736, 0
96.7831, 0.733387, 0
96.8497, 0.737022, 0
96.9164, 0.741061, 0
96.983, 0.743403, 0
97.0496, 0.746443, 0
97.1162, 0.749275, 0
97.1828, 0.753005, 0
97.2494, 0.751894, 0
97.316, 0.720355, 0
97.3826, 0.723052, 0
97.4492, 0.724263, 0
97.5158, 0.719869, 0
97.5824, 0.719996, 0
97.6491, 0.7189, 0
97.7157, 0.726647, 0
97.7823, 0.726092, 0
97.8489, 0.726327, 0
97.9155, 0.727674, 0
97.9821, 0.72973, 0
98.0487, 0.733785, 0
98.1153, 0.737269, 0
98.1819, 0.740235, 0
98.2485, 0.734842, 0
98.3152, 0.738164, 0
98.3818, 0.736856, 0
98.4484, 0.744151, 0
98.515, 0.742967, 0
98.5816, 0.744973, 0
98.6482, 0.749576, 0
98.7148, 0.746501, 0
98.7814, 0.750062, 0
98.848, 0.752608, 0
98.9146, 0.756316, 0
98.9812, 0.753596, 0
99.0479, 0.755617, 0
99.1145, 0.755347, 0
99.1811, 0.757658, 0
99.2477, 0.758279, 0
99.3143, 0.758322, 0
99.3809, 0.757234, 0
99.4475, 0.757168, 0
99.5141, 0.75963, 0
99.5807, 0.75716, 0
99.6473, 0.754487, 0
99.7139, 0.754155, 0
99.7806, 0.757353, 0
99.8472, 0.754259, 0
99.9138, 0.746925, 0
99.9804, 0.710239, 0
100.047, 0.712346, 0
100.114, 0.700853, 0
100.18, 0.706736, 0
100.247, 0.713206, 0
100.313, 0.71294, 0
100.38, 0.713368, 0
100.447, 0.717515, 0
100.513, 0.711659, 0
100.58, 0.711605, 0
100.646, 0.720988, 0
100.713, 0.717539, 0
100.78, 0.722427, 0
100.846, 0.720424, 0
100.913, 0.721833, 0
100.98, 0.693846, 0
101.046, 0.685884, 0
101.113, 0.677535, 0
101.179, 0.679541, 0
101.246, 0.675181, 0
101.313, 0.665575, 0
101.379, 0.64816, 0
101.446, 0.649595, 0
101.512, 0.641721, 0
101.579, 0.64289, 0
101.646, 0.644537, 0
101.712, 0.633117, 0
101.779, 0.635787, 0
101.845, 0.633816, 0
101.912, 0.633021, 0
101.979, 0.627535, 0
102.045, 0.625077, 0
102.112, 0.623877, 0
102.178, 0.620698, 0
102.245, 0.625463, 0
102.312, 0.617211, 0
102.378, 0.624533, 0
102.445, 0.627496, 0
102.512, 0.620544, 0
102.578, 0.623441, 0
102.645, 0.626096, 0
102.711, 0.623735, 0
102.778, 0.612168, 0
102.845, 0.617724, 0
102.911, 0.615224, 0
102.978, 0.614344, 0
103.044, 0.618306, 0
103.111, 0.606883, 0
103.178, 0.60762, 0
103.244, 0.594059, 0
103.311, 0.592431, 0
103.377, 0.587905, 0
103.444, 0.591562, 0
103.511, 0.581686, 0
103.577, 0.575995, 0
103.644, 0.580799, 0
103.71, 0.578777, 0
103.777, 0.577168, 0
103.844, 0.574313, 0
103.91, 0.571381, 0
103.977, 0.549348, 0
104.044, 0.551096, 0
104.11, 0.550733, 0
104.177, 0.551937, 0
104.243, 0.556026, 0
104.31, 0.557357, 0
104.377, 0.558565, 0
104.443, 0.555664, 0
104.51, 0.557477, 0
104.576, 0.558785, 0
104.643, 0.558542, 0
104.71, 0.561948, 0
104.776, 0.567523, 0
104.843, 0.568164, 0
104.909, 0.570231, 0
104.976, 0.577303, 0
105.043, 0.581917, 0
105.109, 0.583133, 0
105.176, 0.583295, 0
105.243, 0.581512, 0
105.309, 0.585675, 0
105.376, 0.58603, 0
105.442, 0.58772, 0
105.509, 0.581856, 0
105.576, 0.583468, 0
105.642, 0.564676, 0
105.709, 0.560729, 0
105.775, 0.563156, 0
105.842, 0.572515, 0
105.909, 0.568542, 0
105.975, 0.57365, 0
106.042, 0.571593, 0
106.108, 0.57679, 0
106.175, 0.576721, 0
106.242, 0.583152, 0
106.308, 0.586833, 0
106.375, 0.584769, 0
106.441, 0.585991, 0
106.508, 0.58912, 0
106.575, 0.594826, 0
106.641, 0.596501, 0
106.708, 0.59341, 0
106.775, 0.597338, 0
106.841, 0.598075, 0
106.908, 0.608183, 0
106.974, 0.61716, 0
107.041, 0.615629, 0
107.108, 0.616184, 0
107.174, 0.623947, 0
107.241, 0.61608, 0
107.307, 0.620876, 0
107.374, 0.616806, 0
107.441, 0.615625, 0
107.507, 0.611516, 0
107.574, 0.611956, 0
107.64, 0.614356, 0
107.707, 0.609244, 0
107.774, 0.593291, 0
107.84, 0.595204, 0
107.907, 0.59581, 0
107.973, 0.58897, 0
108.04, 0.5926, 0
108.107, 0.594263, 0
108.173, 0.586628, 0
108.24, 0.586319, 0
108.307, 0.582801, 0
108.373, 0.586701, 0
108.44, 0.587292, 0
108.506, 0.58647, 0
108.573, 0.58929, 0
108.64, 0.591609, 0
108.706, 0.598048, 0
108.773, 0.600448, 0
108.839, 0.605768, 0
108.906, 0.606447, 0
108.973, 0.627569, 0
109.039, 0.630772, 0
109.106, 0.62135, 0
109.172, 0.620197, 0
109.239, 0.618997, 0
109.306, 0.621755, 0
109.372, 0.617809, 0
109.439, 0.615027, 0
109.505, 0.606991, 0
109.572, 0.599398, 0
109.639, 0.604672, 0
109.705, 0.596165, 0
109.772, 0.602654, 0
109.839, 0.602353, 0
109.905, 0.59983, 0
109.972, 0.598472, 0
110.038, 0.602261, 0
110.105, 0.597326, 0
110.172, 0.594545, 0
110.238, 0.593275, 0
110.305, 0.583819, 0
110.371, 0.583206, 0
110.438, 0.580745, 0
110.505, 0.583831, 0
110.571, 0.581215, 0
110.638, 0.574452, 0
110.704, 0.575328, 0
110.771, 0.584082, 0
110.838, 0.595814, 0
110.904, 0.599167, 0
110.971, 0.601547, 0
111.038, 0.606447, 0
111.104, 0.609167, 0
111.171, 0.611262, 0
111.237, 0.614163, 0
111.304, 0.620127, 0
111.371, 0.61809, 0
111.437, 0.62037, 0
111.504, 0.60941, 0
111.57, 0.609988, 0
111.637, 0.603553, 0
111.704, 0.610536, 0
111.77, 0.604734, 0
111.837, 0.605409, 0
111.903, 0.605814, 0
111.97, 0.612033, 0
112.037, 0.618229, 0
112.103, 0.619942, 0
112.17, 0.621258, 0
112.236, 0.625502, 0
112.303, 0.589063, 0
112.37, 0.587674, 0
112.436, 0.592573, 0
112.503, 0.595069, 0
112.57, 0.599823, 0
112.636, 0.609039, 0
112.703, 0.611439, 0
112.769, 0.611806, 0
112.836, 0.609093, 0
112.903, 0.610779, 0
112.969, 0.617033, 0
113.036, 0.615922, 0
113.102, 0.614317, 0
113.169, 0.61968, 0
113.236, 0.624267, 0
113.302, 0.627492, 0
113.369, 0.634452, 0
113.435, 0.636485, 0
113.502, 0.643005, 0
113.569, 0.646771, 0
113.635, 0.648175, 0
113.702, 0.659676, 0
113.768, 0.657377, 0
113.835, 0.659718, 0
113.902, 0.654471, 0
113.968, 0.69284, 0
114.035, 0.695216, 0
114.102, 0.693032, 0
114.168, 0.696331, 0
114.235, 0.692079, 0
114.301, 0.686123, 0
114.368, 0.681682, 0
114.435, 0.672913, 0
114.501, 0.66483, 0
114.568, 0.650725, 0
114.634, 0.650938, 0
114.701, 0.645976, 0
114.768, 0.636011, 0
114.834, 0.630694, 0
114.901, 0.633306, 0
114.967, 0.629425, 0
115.034, 0.625351, 0
115.101, 0.615718, 0
115.167, 0.602029, 0
115.234, 0.603191, 0
115.3, 0.589221, 0
115.367, 0.577832, 0
115.434, 0.58439, 0
115.5, 0.565197, 0
115.567, 0.569954, 0
115.634, 0.511188, 0
115.7, 0.517805, 0
115.767, 0.516493, 0
115.833, 0.506269, 0
115.9, 0.50238, 0
115.967, 0.491385, 0
116.033, 0.490127, 0
116.1, 0.485166, 0
116.166, 0.475691, 0
116.233, 0.479024, 0
116.3, 0.474379, 0
116.366, 0.472639, 0
116.433, 0.464259, 0
116.499, 0.455008, 0
116.566, 0.445853, 0
116.633, 0.430255, 0
116.699, 0.441582, 0
116.766, 0.437214, 0
116.833, 0.437365, 0
116.899, 0.43483, 0
116.966, 0.439313, 0
117.032, 0.437631, 0
117.099, 0.432948, 0
117.166, 0.437708, 0
117.232, 0.437504, 0
117.299, 0.418927, 0
117.365, 0.428804, 0
117.432, 0.429089, 0
117.499, 0.427593, 0
117.565, 0.427461, 0
117.632, 0.427477, 0
117.698, 0.429981, 0
117.765, 0.429336, 0
117.832, 0.427778, 0
117.898, 0.4386, 0
117.965, 0.437874, 0
118.031, 0.442083, 0
118.098, 0.440521, 0
118.165, 0.438245, 0
118.231, 0.434452, 0
118.298, 0.438812, 0
118.365, 0.43576, 0
118.431, 0.430679, 0
118.498, 0.433306, 0
118.564, 0.429911, 0
118.631, 0.432276, 0
118.698, 0.433576, 0
118.764, 0.425957, 0
118.831, 0.424711, 0
118.897, 0.420278, 0
118.964, 0.390251, 0
119.031, 0.394348, 0
119.097, 0.402033, 0
119.164, 0.398067, 0
119.23, 0.390482, 0
119.297, 0.392064, 0
119.364, 0.390347, 0
119.43, 0.38689, 0
119.497, 0.386327, 0
119.563, 0.383754, 0
119.63, 0.379938, 0
119.697, 0.383854, 0
119.763, 0.380251, 0
119.83, 0.386416, 0
119.897, 0.38446, 0
119.963, 0.386597, 0
120.03, 0.382504, 0
120.096, 0.370478, 0
120.163, 0.372072, 0
120.23, 0.366582, 0
120.296, 0.366601, 0
120.363, 0.353457, 0
120.429, 0.350139, 0
120.496, 0.350926, 0
120.563, 0.339116, 0
120.629, 0.322936, 0
120.696, 0.323326, 0
120.762, 0.318754, 0
120.829, 0.3136, 0
120.896, 0.312836, 0
120.962, 0.307751, 0
121.029, 0.304433, 0
121.095, 0.29613, 0
121.162, 0.300023, 0
121.229, 0.298368, 0
121.295, 0.290648, 0
121.362, 0.279232, 0
121.429, 0.276358, 0
121.495, 0.276991, 0
121.562, 0.281725, 0
121.628, 0.275768, 0
121.695, 0.280721, 0
121.762, 0.276447, 0
121.828, 0.281458, 0
121.895, 0.275806, 0
121.961, 0.272751, 0
122.028, 0.266589, 0
122.095, 0.271809, 0
122.161, 0.25804, 0
122.228, 0.260833, 0
122.294, 0.22765, 0
122.361, 0.217627, 0
122.428, 0.219387, 0
122.494, 0.21539, 0
122.561, 0.210787, 0
122.628, 0.204961, 0
122.694, 0.202353, 0
122.761, 0.197323, 0
122.827, 0.194761, 0
122.894, 0.186408, 0
122.961, 0.175525, 0
123.027, 0.175637, 0
123.094, 0.172836, 0
123.16, 0.169676, 0
123.227, 0.163002, 0
123.294, 0.158893, 0
123.36, 0.156767, 0
123.427, 0.15289, 0
123.493, 0.153727, 0
123.56, 0.155999, 0
123.627, 0.150266, 0
123.693, 0.145139, 0
123.76, 0.147211, 0
123.826, 0.149124, 0
123.893, 0.14463, 0
123.96, 0.138403, 0
124.026, 0.138854, 0
124.093, 0.133692, 0
124.16, 0.129155, 0
124.226, 0.125096, 0
124.293, 0.130961, 0
124.359, 0.129892, 0
124.426, 0.129483, 0
124.493, 0.136277, 0
124.559, 0.145409, 0
124.626, 0.147512, 0
124.692, 0.148383, 0
124.759, 0.153862, 0
124.826, 0.152087, 0
124.892, 0.154842, 0
124.959, 0.167141, 0
125.025, 0.176833, 0
125.092, 0.190787, 0
125.159, 0.203187, 0
125.225, 0.211983, 0
125.292, 0.223229, 0
125.358, 0.245413, 0
125.425, 0.248422, 0
125.492, 0.259437, 0
125.558, 0.273052, 0
125.625, 0.25441, 0
125.692, 0.272029, 0
125.758, 0.292207, 0
125.825, 0.298117, 0
125.891, 0.31495, 0
125.958, 0.331609, 0
126.025, 0.337639, 0
126.091, 0.349186, 0
126.158, 0.360675, 0
126.224, 0.368322, 0
126.291, 0.371852, 0
126.358, 0.382527, 0
126.424, 0.395586, 0
126.491, 0.410559, 0
126.557, 0.423526, 0
126.624, 0.430999, 0
126.691, 0.440698, 0
126.757, 0.442184, 0
126.824, 0.444479, 0
126.89, 0.450822, 0
126.957, 0.45733, 0
127.024, 0.461335, 0
127.09, 0.457581, 0
127.157, 0.45608, 0
127.224, 0.462527, 0
127.29, 0.484537, 0
127.357, 0.475259, 0
127.423, 0.477164, 0
127.49, 0.468592, 0
127.557, 0.460478, 0
127.623, 0.452975, 0
127.69, 0.440201, 0
127.756, 0.432141, 0
127.823, 0.428758, 0
127.89, 0.420856, 0
127.956, 0.410347, 0
128.023, 0.406736, 0
128.089, 0.392288, 0
128.156, 0.394444, 0
128.223, 0.38875, 0
128.289, 0.378329, 0
128.356, 0.372002, 0
128.422, 0.37468, 0
128.489, 0.360675, 0
128.556, 0.355737, 0
128.622, 0.350417, 0
128.689, 0.345359, 0
128.756, 0.337037, 0
128.822, 0.327909, 0
128.889, 0.324286, 0
128.955, 0.29674, 0
129.022, 0.294495, 0
129.089, 0.283534, 0
129.155, 0.27446, 0
129.222, 0.270189, 0
129.288, 0.270505, 0
129.355, 0.252712, 0
129.422, 0.250806, 0
129.488, 0.250413, 0
129.555, 0.252234, 0
129.621, 0.24973, 0
129.688, 0.246605, 0
129.755, 0.254302, 0
129.821, 0.24836, 0
129.888, 0.236096, 0
129.955, 0.22961, 0
130.021, 0.220934, 0
130.088, 0.211929, 0
130.154, 0.202774, 0
130.221, 0.200185, 0
130.288, 0.188372, 0
130.354, 0.177847, 0
130.421, 0.169244, 0
130.487, 0.164005, 0
130.554, 0.146898, 0
130.621, 0.132106, 0
130.687, 0.120112, 0
130.754, 0.112323, 0
130.82, 0.107215, 0
130.887, 0.105787, 0
130.954, 0.099973, 0
131.02, 0.0964082, 0
131.087, 0.088588, 0
131.153, 0.0830054, 0
131.22, 0.081713, 0
131.287, 0.0759915, 0
131.353, 0.067365, 0
131.42, 0.0606404, 0
131.487, 0.0550733, 0
131.553, 0.0483063, 0
131.62, 0.0469637, 0
131.686, 0.0388657, 0
131.753, 0.0355478, 0
131.82, 0.0317747, 0
131.886, 0.0297145, 0
131.953, 0.0244059, 0
132.019, 0.0208951, 0
132.086, 0.0202315, 0
132.153, 0.0201389, 0
132.219, 0.0217477, 0
132.286, 0.0203395, 0
132.352, 0.0201852, 0
132.419, 0.022037, 0
132.486, 0.0194676, 0
132.552, 0.0208565, 0
132.619, 0.0207022, 0
132.685, 0.0198187, 0
132.752, 0.021385, 0
132.819, 0.024483, 0
132.885, 0.0219753, 0
132.952, 0.0228395, 0
133.019, 0.0244367, 0
133.085, 0.0240046, 0
133.152, 0.0257099, 0
133.218, 0.027446, 0
133.285, 0.0372647, 0
133.352, 0.0485301, 0
133.418, 0.0600501, 0
133.485, 0.0721451, 0
133.551, 0.0879321, 0
133.618, 0.0990046, 0
133.685, 0.115787, 0
133.751, 0.128584, 0
133.818, 0.138175, 0
133.884, 0.158924, 0
133.951, 0.169958, 0
134.018, 0.182539, 0
134.084, 0.203156, 0
134.151, 0.22157, 0
134.217, 0.230212, 0
134.284, 0.249174, 0
134.351, 0.270698, 0
134.417, 0.281752, 0
134.484, 0.304194, 0
134.551, 0.311493, 0
134.617, 0.321613, 0
134.684, 0.332936, 0
134.75, 0.346292, 0
134.817, 0.35314, 0
134.884, 0.359761, 0
134.95, 0.371157, 0
135.017, 0.379599, 0
135.083, 0.38071, 0
135.15, 0.393723, 0
135.217, 0.388167, 0
135.283, 0.395332, 0
135.35, 0.398981, 0
135.416, 0.399383, 0
135.483, 0.401038, 0
135.55, 0.400293, 0
135.616, 0.390255, 0
135.683, 0.383615, 0
135.75, 0.382376, 0
135.816, 0.375525, 0
135.883, 0.361231, 0
135.949, 0.351092, 0
136.016, 0.348279, 0
136.083, 0.334985, 0
136.149, 0.325856, 0
136.216, 0.319429, 0
136.282, 0.310648, 0
136.349, 0.302226, 0
136.416, 0.300814, 0
136.482, 0.302963, 0
136.549, 0.289097, 0
136.615, 0.291246, 0
136.682, 0.283283, 0
136.749, 0.273769, 0
136.815, 0.267975, 0
136.882, 0.252531, 0
136.948, 0.237998, 0
137.015, 0.229923, 0
137.082, 0.224093, 0
137.148, 0.212373, 0
137.215, 0.208711, 0
137.282, 0.207716, 0
137.348, 0.193951, 0
137.415, 0.191408, 0
137.481, 0.184853, 0
137.548, 0.169414, 0
137.615, 0.165633, 0
137.681, 0.154174, 0
137.748, 0.147191, 0
137.814, 0.138908, 0
137.881, 0.130706, 0
137.948, 0.119279, 0
138.014, 0.106975, 0
138.081, 0.0995023, 0
138.147, 0.0902623, 0
138.214, 0.0854051, 0
138.281, 0.0795563, 0
138.347, 0.0728241, 0
138.414, 0.068642, 0
138.48, 0.0639969, 0
138.547, 0.0566744, 0
138.614, 0.0547531, 0
138.68, 0.0505555, 0
138.747, 0.0464352, 0
138.814, 0.0430864, 0
138.88, 0.0344907, 0
138.947, 0.031875, 0
139.013, 0.0297145, 0
139.08, 0.0310571, 0
139.147, 0.029375, 0
139.213, 0.0289198, 0
139.28, 0.0302623, 0
139.346, 0.0293287, 0
139.413, 0.0288542, 0
139.48, 0.0286111, 0
139.546, 0.0311883, 0
139.613, 0.0319059, 0
139.679, 0.0344059, 0
139.746, 0.0382022, 0
139.813, 0.0402238, 0
139.879, 0.0466242, 0
139.946, 0.0531096, 0
140.012, 0.0543287, 0
140.079, 0.0605517, 0
140.146, 0.0727662, 0
140.212, 0.075409, 0
140.279, 0.0858796, 0
140.346, 0.0944869, 0
140.412, 0.0991975, 0
140.479, 0.105031, 0
140.545, 0.113538, 0
140.612, 0.115718, 0
140.679, 0.125181, 0
140.745, 0.132029, 0
140.812, 0.140941, 0
140.878, 0.150748, 0
140.945, 0.158488, 0
141.012, 0.166184, 0
141.078, 0.172411, 0
141.145, 0.184344, 0
141.211, 0.189483, 0
141.278, 0.200262, 0
141.345, 0.209869, 0
141.411, 0.215613, 0
141.478, 0.222326, 0
141.545, 0.225764, 0
141.611, 0.232388, 0
141.678, 0.2364, 0
141.744, 0.248083, 0
141.811, 0.244795, 0
141.878, 0.254541, 0
141.944, 0.25978, 0
142.011, 0.251123, 0
142.077, 0.249209, 0
142.144, 0.246775, 0
142.211, 0.245054, 0
142.277, 0.257064, 0
142.344, 0.250359, 0
142.41, 0.25544, 0
142.477, 0.253056, 0
142.544, 0.267025, 0
142.61, 0.260251, 0
142.677, 0.262689, 0
142.743, 0.262893, 0
142.81, 0.26745, 0
142.877, 0.26402, 0
142.943, 0.259676, 0
143.01, 0.259294, 0
143.077, 0.256262, 0
143.143, 0.251208, 0
143.21, 0.252523, 0
143.276, 0.248951, 0
143.343, 0.236767, 0
143.41, 0.23456, 0
143.476, 0.236535, 0
143.543, 0.241863, 0
143.609, 0.240968, 0
143.676, 0.245193, 0
143.743, 0.23515, 0
143.809, 0.233372, 0
143.876, 0.228565, 0
143.942, 0.214992, 0
144.009, 0.216744, 0
144.076, 0.21963, 0
144.142, 0.228457, 0
144.209, 0.226547, 0
144.275, 0.224753, 0
144.342, 0.214753, 0
144.409, 0.21664, 0
144.475, 0.21598, 0
144.542, 0.211613, 0
144.609, 0.20968, 0
144.675, 0.210718, 0
144.742, 0.204742, 0
144.808, 0.198399, 0
144.875, 0.203461, 0
144.942, 0.196435, 0
145.008, 0.194248, 0
145.075, 0.187527, 0
145.141, 0.18463, 0
145.208, 0.182554, 0
145.275, 0.17439, 0
145.341, 0.167257, 0
145.408, 0.162045, 0
145.474, 0.15485, 0
145.541, 0.14414, 0
145.608, 0.134321, 0
145.674, 0.128735, 0
145.741, 0.121713, 0
145.807, 0.121169, 0
145.874, 0.112218, 0
145.941, 0.107701, 0
146.007, 0.104325, 0
146.074, 0.0903241, 0
146.141, 0.0888349, 0
146.207, 0.0836265, 0
146.274, 0.0787809, 0
146.34, 0.0782562, 0
146.407, 0.0729553, 0
146.474, 0.0650039, 0
146.54, 0.063098, 0
146.607, 0.0589815, 0
146.673, 0.0540355, 0
146.74, 0.0485417, 0
146.807, 0.0489198, 0
146.873, 0.0460262, 0
146.94, 0.0380478, 0
147.006, 0.0370679, 0
147.073, 0.0347299, 0
147.14, 0.0348418, 0
147.206, 0.0316011, 0
147.273, 0.0340664, 0
147.34, 0.0312191, 0
147.406, 0.0293287, 0
147.473, 0.025054, 0
147.539, 0.0208025, 0
147.606, 0.022446, 0
147.673, 0.0166512, 0
147.739, 0.0162114, 0
147.806, 0.0169367, 0
147.872, 0.0146451, 0
147.939, 0.0140895, 0
148.006, 0.0156713, 0
148.072, 0.0151157, 0
148.139, 0.0149228, 0
148.205, 0.0172608, 0
148.272, 0.0143596, 0
148.339, 0.0149383, 0
148.405, 0.0167245, 0
148.472, 0.0155941, 0
148.538, 0.0165509, 0
148.605, 0.0180054, 0
148.672, 0.0171759, 0
148.738, 0.0189622, 0
148.805, 0.0176312, 0
148.872, 0.0182639, 0
148.938, 0.0156327, 0
149.005, 0.0183025, 0
149.071, 0.0163272, 0
149.138, 0.0194907, 0
149.205, 0.0196219, 0
149.271, 0.0167438, 0
149.338, 0.0185494, 0
149.404, 0.0171528, 0
149.471, 0.02375, 0
149.538, 0.0242593, 0
149.604, 0.022446, 0
149.671, 0.0230556, 0
149.737, 0.0237114, 0
149.804, 0.0184645, 0
149.871, 0.020108, 0
149.937, 0.0186188, 0
150.004, 0.0200347, 0
150.07, 0.0185262, 0
150.137, 0.0180247, 0
150.204, 0.0231636, 0
150.27, 0.0239429, 0
150.337, 0.0210725, 0
150.404, 0.0253704, 0
150.47, 0.0247068, 0
150.537, 0.0239969, 0
150.603, 0.028071, 0
150.67, 0.0308603, 0
150.737, 0.0296142, 0
150.803, 0.029811, 0
150.87, 0.0327353, 0
150.936, 0.0376698, 0
151.003, 0.0424074, 0
151.07, 0.0479784, 0
151.136, 0.0644444, 0
151.203, 0.0665085, 0
151.269, 0.0713503, 0
151.336, 0.0813465, 0
151.403, 0.083669, 0
151.469, 0.0866049, 0
151.536, 0.0871412, 0
151.602, 0.0893441, 0
151.669, 0.0885262, 0
151.736, 0.0898264, 0
151.802, 0.093723, 0
151.869, 0.0904321, 0
151.936, 0.0906674, 0
152.002, 0.0926543, 0
152.069, 0.0948032, 0
152.135, 0.0979668, 0
152.202, 0.0994599, 0
152.269, 0.0986034, 0
152.335, 0.102731, 0
152.402, 0.102253, 0
152.468, 0.10534, 0
152.535, 0.106285, 0
152.602, 0.108445, 0
152.668, 0.10522, 0
152.735, 0.10706, 0
152.801, 0.108067, 0
152.868, 0.10463, 0
152.935, 0.105756, 0
153.001, 0.107978, 0
153.068, 0.108237, 0
153.135, 0.112867, 0
153.201, 0.116181, 0
153.268, 0.120799, 0
153.334, 0.123086, 0
153.401, 0.12086, 0
153.468, 0.118866, 0
153.534, 0.115775, 0
153.601, 0.120559, 0
153.667, 0.120035, 0
153.734, 0.120023, 0
153.801, 0.117639, 0
153.867, 0.125957, 0
153.934, 0.115077, 0
154, 0.12255, 0
154.067, 0.125737, 0
154.134, 0.125903, 0
154.2, 0.120625, 0
154.267, 0.114985, 0
154.333, 0.111721, 0
154.4, 0.107894, 0
154.467, 0.106597, 0
154.533, 0.102878, 0
154.6, 0.104371, 0
154.667, 0.0974421, 0
154.733, 0.100883, 0
154.8, 0.09799, 0
154.866, 0.0990818, 0
154.933, 0.0946142, 0
155, 0.0898881, 0
155.066, 0.0886072, 0
155.133, 0.0874383, 0
155.199, 0.0820949, 0
155.266, 0.0792593, 0
155.333, 0.0722955, 0
155.399, 0.0736381, 0
155.466, 0.0724306, 0
155.532, 0.0670602, 0
155.599, 0.0698303, 0
155.666, 0.066929, 0
155.732, 0.0611613, 0
155.799, 0.0621875, 0
155.865, 0.0543017, 0
155.932, 0.0522569, 0
155.999, 0.0562346, 0
156.065, 0.053125, 0
156.132, 0.0497569, 0
156.199, 0.0482716, 0
156.265, 0.0478974, 0
156.332, 0.0466049, 0
156.398, 0.0490046, 0
156.465, 0.0456134, 0
156.532, 0.041848, 0
156.598, 0.0448032, 0
156.665, 0.0390162, 0
156.731, 0.0376659, 0
156.798, 0.0347917, 0
156.865, 0.0335494, 0
156.931, 0.0343904, 0
156.998, 0.0321836, 0
157.064, 0.0310417, 0
157.131, 0.0241898, 0
157.198, 0.0241165, 0
157.264, 0.0228549, 0
157.331, 0.0215548, 0
157.397, 0.0231404, 0
157.464, 0.0215278, 0
157.531, 0.0217824, 0
157.597, 0.0206366, 0
157.664, 0.0176775, 0
157.731, 0.016956, 0
157.797, 0.0161188, 0
157.864, 0.0165818, 0
157.93, 0.0173302, 0
157.997, 0.018777, 0
158.064, 0.0139661, 0
158.13, 0.0150656, 0
158.197, 0.0146759, 0
158.263, 0.0117978, 0
158.33, 0.0125926, 0
158.397, 0.0154861, 0
158.463, 0.0164699, 0
158.53, 0.0187847, 0
158.596, 0.0190664, 0
158.663, 0.0218711, 0
158.73, 0.0297029, 0
158.796, 0.0349653, 0
158.863, 0.0401543, 0
158.93, 0.051767, 0
158.996, 0.0542014, 0
159.063, 0.0635301, 0
159.129, 0.0626389, 0
159.196, 0.061088, 0
159.263, 0.0592708, 0
159.329, 0.0559105, 0
159.396, 0.0519522, 0
159.462, 0.0509028, 0
159.529, 0.0528472, 0
159.596, 0.0496258, 0
159.662, 0.0463696, 0
159.729, 0.0388426, 0
159.795, 0.0375772, 0
159.862, 0.0351312, 0
159.929, 0.0339506, 0
159.995, 0.0353665, 0
160.062, 0.0347184, 0
160.128, 0.0427585, 0
160.195, 0.0439583, 0
160.262, 0.0427546, 0
160.328, 0.0551196, 0
160.395, 0.0553819, 0
160.462, 0.057662, 0
160.528, 0.0547994, 0
160.595, 0.0472068, 0
160.661, 0.0469985, 0
160.728, 0.0477508, 0
160.795, 0.0457099, 0
160.861, 0.0518364, 0
160.928, 0.0457099, 0
160.994, 0.0448457, 0
161.061, 0.0446643, 0
161.128, 0.0408488, 0
161.194, 0.0425849, 0
161.261, 0.0412654, 0
161.327, 0.0371373, 0
161.394, 0.0304205, 0
161.461, 0.0235417, 0
161.527, 0.0198843, 0
161.594, 0.0173225, 0
161.66, 0.0172608, 0
161.727, 0.0210455, 0
161.794, 0.0199151, 0
161.86, 0.0173997, 0
161.927, 0.01826, 0
161.994, 0.0178511, 0
162.06, 0.0280671, 0
162.127, 0.0384452, 0
162.193, 0.0391512, 0
162.26, 0.0487963, 0
162.327, 0.0499074, 0
162.393, 0.0529167, 0
162.46, 0.0517207, 0
162.526, 0.0553318, 0
162.593, 0.0553742, 0
162.66, 0.0568056, 0
162.726, 0.0579591, 0
162.793, 0.060544, 0
162.859, 0.0634722, 0
162.926, 0.0658256, 0
162.993, 0.0650964, 0
163.059, 0.062527, 0
163.126, 0.0621412, 0
163.192, 0.0664043, 0
163.259, 0.0669985, 0
163.326, 0.067311, 0
163.392, 0.0674498, 0
163.459, 0.0627971, 0
163.526, 0.0660532, 0
163.592, 0.0687307, 0
163.659, 0.07125, 0
163.725, 0.0769444, 0
163.792, 0.0776003, 0
163.859, 0.0783449, 0
163.925, 0.0835764, 0
163.992, 0.08375, 0
164.058, 0.0880324, 0
164.125, 0.084483, 0
164.192, 0.0835725, 0
164.258, 0.0809992, 0
164.325, 0.0747145, 0
164.391, 0.0728665, 0
164.458, 0.0652083, 0
164.525, 0.0658681, 0
164.591, 0.0614969, 0
164.658, 0.0582485, 0
164.725, 0.0509259, 0
164.791, 0.0486728, 0
164.858, 0.0457716, 0
164.924, 0.0480054, 0
164.991, 0.0480015, 0
165.058, 0.0450849, 0
165.124, 0.0433488, 0
165.191, 0.0405093, 0
165.257, 0.0379321, 0
165.324, 0.0365586, 0
165.391, 0.0360301, 0
165.457, 0.0324036, 0
165.524, 0.0325965, 0
165.59, 0.031466, 0
165.657, 0.0321451, 0
165.724, 0.0296065, 0
165.79, 0.0322299, 0
165.857, 0.0316898, 0
165.923, 0.0367284, 0
165.99, 0.0389815, 0
166.057, 0.0362693, 0
166.123, 0.0378356, 0
166.19, 0.0372647, 0
166.257, 0.0389622, 0
166.323, 0.038885, 0
166.39, 0.0375502, 0
166.456, 0.0407832, 0
166.523, 0.040652, 0
166.59, 0.0394522, 0
166.656, 0.0398302, 0
166.723, 0.041331, 0
166.789, 0.0410031, 0
166.856, 0.0445448, 0
166.923, 0.0441705, 0
166.989, 0.0436072, 0
167.056, 0.0496103, 0
167.122, 0.0592322, 0
167.189, 0.059811, 0
167.256, 0.0681636, 0
167.322, 0.0776543, 0
167.389, 0.0791667, 0
167.455, 0.0827045, 0
167.522, 0.0834259, 0
167.589, 0.0814699, 0
167.655, 0.0788272, 0
167.722, 0.0764699, 0
167.789, 0.0745216, 0
167.855, 0.074811, 0
167.922, 0.0775386, 0
167.988, 0.0785648, 0
168.055, 0.0766937, 0
168.122, 0.0769869, 0
168.188, 0.0774846, 0
168.255, 0.0765162, 0
168.321, 0.0747878, 0
168.388, 0.0757793, 0
168.455, 0.0739159, 0
168.521, 0.0723727, 0
168.588, 0.0756713, 0
168.654, 0.0808218, 0
168.721, 0.0751929, 0
168.788, 0.0746373, 0
168.854, 0.0797955, 0
168.921, 0.083071, 0
168.987, 0.0821335, 0
169.054, 0.0834838, 0
169.121, 0.0832793, 0
169.187, 0.0880401, 0
169.254, 0.0924151, 0
169.321, 0.0869252, 0
169.387, 0.08576, 0
169.454, 0.0890393, 0
169.52, 0.0938272, 0
169.587, 0.086956, 0
169.654, 0.0834722, 0
169.72, 0.0863465, 0
169.787, 0.0853241, 0
169.853, 0.0798225, 0
169.92, 0.0801929, 0
169.987, 0.0792978, 0
170.053, 0.0821335, 0
170.12, 0.0793981, 0
170.186, 0.0775, 0
170.253, 0.0773688, 0
170.32, 0.0713117, 0
170.386, 0.0700463, 0
170.453, 0.0748071, 0
170.52, 0.073966, 0
170.586, 0.0639622, 0
170.653, 0.0537153, 0
170.719, 0.0435957, 0
170.786, 0.0447762, 0
170.853, 0.0399074, 0
170.919, 0.0353897, 0
170.986, 0.0353549, 0
171.052, 0.0350154, 0
171.119, 0.0352546, 0
171.186, 0.0300772, 0
171.252, 0.026956, 0
171.319, 0.023233, 0
171.385, 0.0194097, 0
171.452, 0.0190355, 0
171.519, 0.0203781, 0
171.585, 0.0219907, 0
171.652, 0.0179475, 0
171.718, 0.0177122, 0
171.785, 0.0160918, 0
171.852, 0.0176659, 0
171.918, 0.0173727, 0
171.985, 0.0172029, 0
172.052, 0.0169715, 0
172.118, 0.0171566, 0
172.185, 0.0171412, 0
172.251, 0.0175926, 0
172.318, 0.016929, 0
172.385, 0.0168673, 0
172.451, 0.0178395, 0
172.518, 0.0185339, 0
172.584, 0.0172377, 0
172.651, 0.0168673, 0
172.718, 0.0175617, 0
172.784, 0.0170332, 0
172.851, 0.0184684, 0
172.917, 0.0196875, 0
172.984, 0.0184529, 0
173.051, 0.0178974, 0
173.117, 0.0191281, 0
173.184, 0.0201813, 0
173.25, 0.0216782, 0
173.317, 0.0200424, 0
173.384, 0.0212924, 0
173.45, 0.0206289, 0
173.517, 0.0193866, 0
173.584, 0.0173881, 0
173.65, 0.0178511, 0
173.717, 0.0166011, 0
173.783, 0.0178511, 0
173.85, 0.0174344, 0
173.917, 0.0193017, 0
173.983, 0.0196605, 0
174.05, 0.0194136, 0
174.116, 0.0185147, 0
174.183, 0.0203202, 0
174.25, 0.0181597, 0
174.316, 0.0219097, 0
174.383, 0.023777, 0
174.449, 0.0217477, 0
174.516, 0.0230903, 0
174.583, 0.0201119, 0
174.649, 0.0191705, 0
174.716, 0.0190972, 0
174.782, 0.0207793, 0
174.849, 0.0275386, 0
174.916, 0.034591, 0
174.982, 0.0402238, 0
175.049, 0.0450502, 0
175.116, 0.0522106, 0
175.182, 0.0550502, 0
175.249, 0.0560069, 0
175.315, 0.0592477, 0
175.382, 0.0585147, 0
175.449, 0.058044, 0
175.515, 0.0590123, 0
175.582, 0.0602816, 0
175.648, 0.0668441, 0
175.715, 0.0707099, 0
175.782, 0.0760262, 0
175.848, 0.0809259, 0
175.915, 0.0914815, 0
175.981, 0.0958102, 0
176.048, 0.101728, 0
176.115, 0.10392, 0
176.181, 0.106547, 0
176.248, 0.112076, 0
176.315, 0.11799, 0
176.381, 0.124491, 0
176.448, 0.127234, 0
176.514, 0.132249, 0
176.581, 0.132924, 0
176.648, 0.137789, 0
176.714, 0.141593, 0
176.781, 0.140741, 0
176.847, 0.146088, 0
176.914, 0.148885, 0
176.981, 0.15005, 0
177.047, 0.148935, 0
177.114, 0.153746, 0
177.18, 0.161076, 0
177.247, 0.147353, 0
177.314, 0.15559, 0
177.38, 0.158885, 0
177.447, 0.156671, 0
177.513, 0.163661, 0
177.58, 0.158646, 0
177.647, 0.155656, 0
177.713, 0.159363, 0
177.78, 0.162712, 0
177.847, 0.162685, 0
177.913, 0.163021, 0
177.98, 0.158954, 0
178.046, 0.162944, 0
178.113, 0.160976, 0
178.18, 0.169672, 0
178.246, 0.168738, 0
178.313, 0.169529, 0
178.379, 0.165502, 0
178.446, 0.163758, 0
178.513, 0.169005, 0
178.579, 0.163696, 0
178.646, 0.150235, 0
178.712, 0.147446, 0
178.779, 0.147573, 0
178.846, 0.142963, 0
178.912, 0.109931, 0
178.979, 0.10598, 0
179.045, 0.109109, 0
179.112, 0.111964, 0
179.179, 0.111532, 0
179.245, 0.116566, 0
179.312, 0.112215, 0
179.379, 0.111231, 0
179.445, 0.108592, 0
179.512, 0.100637, 0
179.578, 0.0991937, 0
179.645, 0.0878125, 0
179.712, 0.0811381, 0
179.778, 0.0740085, 0
179.845, 0.0663773, 0
179.911, 0.0674151, 0
179.978, 0.0683642, 0
180.045, 0.0648341, 0
180.111, 0.0646296, 0
180.178, 0.0665741, 0
180.244, 0.0685339, 0
180.311, 0.0698804, 0
180.378, 0.0715432, 0
180.444, 0.0634452, 0
180.511, 0.0603588, 0
180.577, 0.0584105, 0
180.644, 0.0580208, 0
180.711, 0.0538619, 0
180.777, 0.0528858, 0
180.844, 0.0555285, 0
180.911, 0.0564005, 0
180.977, 0.055652, 0
181.044, 0.0559336, 0
181.11, 0.0581559, 0
181.177, 0.0583719, 0
181.244, 0.0585725, 0
181.31, 0.0559954, 0
181.377, 0.058858, 0
181.443, 0.0571875, 0
181.51, 0.0586034, 0
181.577, 0.057365, 0
181.643, 0.0610995, 0
181.71, 0.0688503, 0
181.776, 0.0706481, 0
181.843, 0.0776389, 0
181.91, 0.084429, 0
181.976, 0.0860069, 0
182.043, 0.0891512, 0
182.109, 0.0923148, 0
182.176, 0.0961728, 0
182.243, 0.0966358, 0
182.309, 0.101991, 0
182.376, 0.101069, 0
182.443, 0.101535, 0
182.509, 0.10517, 0
182.576, 0.104074, 0
182.642, 0.102049, 0
182.709, 0.102909, 0
182.776, 0.104093, 0
182.842, 0.102975, 0
182.909, 0.104329, 0
182.975, 0.106215, 0
183.042, 0.109444, 0
183.109, 0.111451, 0
183.175, 0.112847, 0
183.242, 0.111852, 0
183.308, 0.114051, 0
183.375, 0.114406, 0
183.442, 0.118272, 0
183.508, 0.118086, 0
183.575, 0.119714, 0
183.642, 0.121509, 0
183.708, 0.122465, 0
183.775, 0.120594, 0
183.841, 0.124406, 0
183.908, 0.121196, 0
183.975, 0.125139, 0
184.041, 0.125602, 0
184.108, 0.124988, 0
184.174, 0.125309, 0
184.241, 0.129383, 0
184.308, 0.134784, 0
184.374, 0.13375, 0
184.441, 0.135864, 0
184.507, 0.134483, 0
184.574, 0.133167, 0
184.641, 0.134248, 0
184.707, 0.134711, 0
184.774, 0.134722, 0
184.84, 0.141852, 0
184.907, 0.142905, 0
184.974, 0.142982, 0
185.04, 0.148908, 0
185.107, 0.147442, 0
185.174, 0.148144, 0
185.24, 0.149101, 0
185.307, 0.149915, 0
185.373, 0.148279, 0
185.44, 0.148607, 0
185.507, 0.144317, 0
185.573, 0.142963, 0
185.64, 0.140718, 0
185.706, 0.138789, 0
185.773, 0.14358, 0
185.84, 0.141319, 0
185.906, 0.138877, 0
185.973, 0.13985, 0
186.039, 0.138881, 0
186.106, 0.141431, 0
186.173, 0.137492, 0
186.239, 0.136296, 0
186.306, 0.139298, 0
186.372, 0.134846, 0
186.439, 0.136574, 0
186.506, 0.142461, 0
186.572, 0.140062, 0
186.639, 0.1425, 0
186.706, 0.14049, 0
186.772, 0.143665, 0
186.839, 0.145212, 0
186.905, 0.144444, 0
186.972, 0.146555, 0
187.039, 0.145845, 0
187.105, 0.14696, 0
187.172, 0.146671, 0
187.238, 0.143573, 0
187.305, 0.143816, 0
187.372, 0.144506, 0
187.438, 0.147157, 0
187.505, 0.145328, 0
187.571, 0.146211, 0
187.638, 0.145401, 0
187.705, 0.147481, 0
187.771, 0.151092, 0
187.838, 0.149676, 0
187.904, 0.148387, 0
187.971, 0.14838, 0
188.038, 0.150305, 0
188.104, 0.149923, 0
188.171, 0.150965, 0
188.238, 0.152515, 0
188.304, 0.150814, 0
188.371, 0.149259, 0
188.437, 0.149429, 0
188.504, 0.148546, 0
188.571, 0.149649, 0
188.637, 0.150278, 0
188.704, 0.150965, 0
188.77, 0.150251, 0
188.837, 0.150698, 0
188.904, 0.151632, 0
188.97, 0.153538, 0
189.037, 0.150884, 0
189.103, 0.149591, 0
189.17, 0.151856, 0
189.237, 0.152407, 0
189.303, 0.15277, 0
189.37, 0.153372, 0
189.437, 0.152677, 0
189.503, 0.152361, 0
189.57, 0.154471, 0
189.636, 0.153538, 0
189.703, 0.154664, 0
189.77, 0.157859, 0
189.836, 0.159271, 0
189.903, 0.162485, 0
189.969, 0.163812, 0
190.036, 0.168943, 0
190.103, 0.171181, 0
190.169, 0.170459, 0
190.236, 0.167569, 0
190.302, 0.164035, 0
190.369, 0.163511, 0
190.436, 0.161439, 0
190.502, 0.158808, 0
190.569, 0.154174, 0
190.635, 0.15213, 0
190.702, 0.149117, 0
190.769, 0.150085, 0
190.835, 0.150008, 0
190.902, 0.149769, 0
190.969, 0.151551, 0
191.035, 0.151327, 0
191.102, 0.153171, 0
191.168, 0.1526, 0
191.235, 0.15588, 0
191.302, 0.153997, 0
191.368, 0.153279, 0
191.435, 0.152022, 0
191.501, 0.153117, 0
191.568, 0.155039, 0
191.635, 0.1525, 0
191.701, 0.154772, 0
191.768, 0.155606, 0
191.834, 0.159151, 0
191.901, 0.16017, 0
191.968, 0.162284, 0
192.034, 0.163287, 0
192.101, 0.165224, 0
192.167, 0.16608, 0
192.234, 0.170625, 0
192.301, 0.174892, 0
192.367, 0.175262, 0
192.434, 0.173607, 0
192.501, 0.17434, 0
192.567, 0.176362, 0
192.634, 0.176736, 0
192.7, 0.179174, 0
192.767, 0.181524, 0
192.834, 0.179182, 0
192.9, 0.178426, 0
192.967, 0.178472, 0
193.033, 0.176898, 0
193.1, 0.178569, 0
193.167, 0.182153, 0
193.233, 0.182373, 0
193.3, 0.181906, 0
193.366, 0.180401, 0
193.433, 0.181115, 0
193.5, 0.179402, 0
193.566, 0.17988, 0
193.633, 0.181007, 0
193.699, 0.183183, 0
193.766, 0.183515, 0
193.833, 0.183854, 0
193.899, 0.174201, 0
193.966, 0.176316, 0
194.033, 0.175112, 0
194.099, 0.174661, 0
194.166, 0.173935, 0
194.232, 0.175837, 0
194.299, 0.176906, 0
194.366, 0.173765, 0
194.432, 0.174441, 0
194.499, 0.173792, 0
194.565, 0.176277, 0
194.632, 0.177797, 0
194.699, 0.180938, 0
194.765, 0.177604, 0
194.832, 0.177836, 0
194.898, 0.179977, 0
194.965, 0.178704, 0
195.032, 0.178071, 0
195.098, 0.176728, 0
195.165, 0.176181, 0
195.232, 0.177639, 0
195.298, 0.17995, 0
195.365, 0.179433, 0
195.431, 0.180282, 0
195.498, 0.180135, 0
195.565, 0.169923, 0
195.631, 0.167052, 0
195.698, 0.169977, 0
195.764, 0.171806, 0
195.831, 0.171034, 0
195.898, 0.176856, 0
195.964, 0.178372, 0
196.031, 0.180266, 0
196.097, 0.183206, 0
196.164, 0.187569, 0
196.231, 0.194433, 0
196.297, 0.19966, 0
196.364, 0.200498, 0
196.43, 0.206134, 0
196.497, 0.216208, 0
196.564, 0.216142, 0
196.63, 0.224564, 0
196.697, 0.222469, 0
196.764, 0.227442, 0
196.83, 0.233927, 0
196.897, 0.237014, 0
196.963, 0.243009, 0
197.03, 0.246327, 0
197.097, 0.24988, 0
197.163, 0.254792, 0
197.23, 0.264846, 0
197.296, 0.273125, 0
197.363, 0.277743, 0
197.43, 0.284105, 0
197.496, 0.289514, 0
197.563, 0.290991, 0
197.629, 0.29561, 0
197.696, 0.299776, 0
197.763, 0.302832, 0
197.829, 0.307045, 0
197.896, 0.313623, 0
197.962, 0.314444, 0
198.029, 0.318256, 0
198.096, 0.322596, 0
198.162, 0.326458, 0
198.229, 0.328426, 0
198.296, 0.333291, 0
198.362, 0.336254, 0
198.429, 0.339649, 0
198.495, 0.338592, 0
198.562, 0.341532, 0
198.629, 0.342677, 0
198.695, 0.347292, 0
198.762, 0.348094, 0
198.828, 0.353206, 0
198.895, 0.350671, 0
198.962, 0.352041, 0
199.028, 0.353083, 0
199.095, 0.356512, 0
199.161, 0.358391, 0
199.228, 0.362863, 0
199.295, 0.371254, 0
199.361, 0.374479, 0
199.428, 0.377623, 0
199.494, 0.378692, 0
199.561, 0.383627, 0
199.628, 0.389487, 0
199.694, 0.393252, 0
199.761, 0.395714, 0
199.828, 0.399155, 0
199.894, 0.39679, 0
199.961, 0.401238, 0
200.027, 0.402793, 0
200.094, 0.409992, 0
200.161, 0.411871, 0
200.227, 0.416196, 0
200.294, 0.421177, 0
200.36, 0.42662, 0
200.427, 0.434186, 0
200.494, 0.43919, 0
200.56, 0.442334, 0
200.627, 0.45, 0
200.693, 0.455671, 0
200.76, 0.455602, 0
200.827, 0.46338, 0
200.893, 0.472257, 0
200.96, 0.475181, 0
201.027, 0.483974, 0
201.093, 0.48571, 0
201.16, 0.485725, 0
201.226, 0.491173, 0
201.293, 0.500189, 0
201.36, 0.5087, 0
201.426, 0.503372, 0
201.493, 0.51213, 0
201.559, 0.512079, 0
201.626, 0.510733, 0
201.693, 0.511856, 0
201.759, 0.520876, 0
201.826, 0.517469, 0
201.892, 0.518762, 0
201.959, 0.517176, 0
202.026, 0.511555, 0
202.092, 0.515613, 0
202.159, 0.516956, 0
202.225, 0.508634, 0
202.292, 0.501512, 0
202.359, 0.501813, 0
202.425, 0.505436, 0
202.492, 0.514225, 0
202.559, 0.508931, 0
202.625, 0.516312, 0
202.692, 0.511034, 0
202.758, 0.516701, 0
202.825, 0.513052, 0
202.892, 0.515363, 0
202.958, 0.512326, 0
203.025, 0.514128, 0
203.091, 0.515961, 0
203.158, 0.512616, 0
203.225, 0.520062, 0
203.291, 0.51132, 0
203.358, 0.516493, 0
203.424, 0.517299, 0
203.491, 0.514803, 0
203.558, 0.513129, 0
203.624, 0.508997, 0
203.691, 0.51088, 0
203.757, 0.513152, 0
203.824, 0.517951, 0
203.891, 0.493515, 0
203.957, 0.491296, 0
204.024, 0.492392, 0
204.091, 0.493819, 0
204.157, 0.505069, 0
204.224, 0.510783, 0
204.29, 0.516968, 0
204.357, 0.52311, 0
204.424, 0.52762, 0
204.49, 0.528461, 0
204.557, 0.528569, 0
204.623, 0.525579, 0
204.69, 0.522863, 0
204.757, 0.522701, 0
204.823, 0.525266, 0
204.89, 0.529942, 0
204.956, 0.529653, 0
205.023, 0.523472, 0
205.09, 0.527404, 0
205.156, 0.531474, 0
205.223, 0.538079, 0
205.289, 0.549988, 0
205.356, 0.553206, 0
205.423, 0.552608, 0
205.489, 0.560008, 0
205.556, 0.555066, 0
205.623, 0.557724, 0
205.689, 0.556547, 0
205.756, 0.559772, 0
205.822, 0.559988, 0
205.889, 0.55875, 0
205.956, 0.561165, 0
206.022, 0.558789, 0
206.089, 0.558032, 0
206.155, 0.561227, 0
206.222, 0.56637, 0
206.289, 0.565644, 0
206.355, 0.566933, 0
206.422, 0.561778, 0
206.488, 0.561393, 0
206.555, 0.563376, 0
206.622, 0.573646, 0
206.688, 0.570343, 0
206.755, 0.571115, 0
206.822, 0.569672, 0
206.888, 0.568426, 0
206.955, 0.5688, 0
207.021, 0.569823, 0
207.088, 0.56814, 0
207.155, 0.571597, 0
207.221, 0.538476, 0
207.288, 0.537006, 0
207.354, 0.542188, 0
207.421, 0.541705, 0
207.488, 0.543978, 0
207.554, 0.546879, 0
207.621, 0.543333, 0
207.687, 0.5476, 0
207.754, 0.551096, 0
207.821, 0.552434, 0
207.887, 0.550721, 0
207.954, 0.552114, 0
208.02, 0.552299, 0
208.087, 0.559063, 0
208.154, 0.560556, 0
208.22, 0.562758, 0
208.287, 0.567894, 0
208.354, 0.567018, 0
208.42, 0.569726, 0
208.487, 0.567712, 0
208.553, 0.571694, 0
208.62, 0.56564, 0
208.687, 0.566848, 0
208.753, 0.569352, 0
208.82, 0.571586, 0
208.886, 0.568715, 0
208.953, 0.572546, 0
209.02, 0.572689, 0
209.086, 0.572326, 0
209.153, 0.575428, 0
209.219, 0.577357, 0
209.286, 0.57966, 0
209.353, 0.579595, 0
209.419, 0.580637, 0
209.486, 0.581613, 0
209.552, 0.583954, 0
209.619, 0.589417, 0
209.686, 0.588515, 0
209.752, 0.589097, 0
209.819, 0.591624, 0
209.886, 0.591786, 0
209.952, 0.589815, 0
210.019, 0.588175, 0
210.085, 0.593044, 0
210.152, 0.590941, 0
210.219, 0.593684, 0
210.285, 0.596038, 0
210.352, 0.595424, 0
210.418, 0.597442, 0
210.485, 0.597894, 0
210.552, 0.562353, 0
210.618, 0.56294, 0
210.685, 0.5599, 0
210.751, 0.555883, 0
210.818, 0.56267, 0
210.885, 0.558071, 0
210.951, 0.559248, 0
211.018, 0.564491, 0
211.084, 0.566678, 0
211.151, 0.567897, 0
211.218, 0.568306, 0
211.284, 0.566636, 0
211.351, 0.565305, 0
211.418, 0.566474, 0
211.484, 0.567218, 0
211.551, 0.567951, 0
211.617, 0.569726, 0
211.684, 0.575613, 0
211.751, 0.58032, 0
211.817, 0.580675, 0
211.884, 0.585992, 0
211.95, 0.592195, 0
212.017, 0.594464, 0
212.084, 0.596798, 0
212.15, 0.595613, 0
212.217, 0.600779, 0
212.283, 0.606192, 0
212.35, 0.6063, 0
212.417, 0.608221, 0
212.483, 0.612967, 0
212.55, 0.612728, 0
212.617, 0.618831, 0
212.683, 0.61826, 0
212.75, 0.61826, 0
212.816, 0.622319, 0
212.883, 0.626582, 0
212.95, 0.62603, 0
213.016, 0.623769, 0
213.083, 0.62304, 0
213.149, 0.621435, 0
213.216, 0.625475, 0
213.283, 0.62441, 0
213.349, 0.628723, 0
213.416, 0.630799, 0
213.482, 0.632099, 0
213.549, 0.632299, 0
213.616, 0.628789, 0
213.682, 0.628098, 0
213.749, 0.630972, 0
213.815, 0.628688, 0
213.882, 0.575976, 0
213.949, 0.576705, 0
214.015, 0.575953, 0
214.082, 0.584398, 0
214.149, 0.584977, 0
214.215, 0.583171, 0
214.282, 0.5862, 0
214.348, 0.584132, 0
214.415, 0.589035, 0
214.482, 0.588708, 0
214.548, 0.590737, 0
214.615, 0.589518, 0
214.681, 0.590876, 0
214.748, 0.594753, 0
214.815, 0.594421, 0
214.881, 0.597882, 0
214.948, 0.600262, 0
215.014, 0.599163, 0
215.081, 0.603877, 0
215.148, 0.604051, 0
215.214, 0.607211, 0
215.281, 0.607967, 0
215.347, 0.608719, 0
215.414, 0.610023, 0
215.481, 0.611482, 0
215.547, 0.595899, 0
215.614, 0.59848, 0
215.681, 0.599441, 0
215.747, 0.596678, 0
215.814, 0.601296, 0
215.88, 0.599113, 0
215.947, 0.599815, 0
216.014, 0.601454, 0
216.08, 0.603769, 0
216.147, 0.603117, 0
216.213, 0.600517, 0
216.28, 0.601798, 0
216.347, 0.599217, 0
216.413, 0.601655, 0
216.48, 0.600872, 0
216.546, 0.577589, 0
216.613, 0.578773, 0
216.68, 0.577677, 0
216.746, 0.579421, 0
216.813, 0.580066, 0
216.879, 0.580949, 0
216.946, 0.583441, 0
217.013, 0.582168, 0
217.079, 0.582531, 0
217.146, 0.585633, 0
217.213, 0.584738, 0
217.279, 0.584132, 0
217.346, 0.58836, 0
217.412, 0.595706, 0
217.479, 0.595583, 0
217.546, 0.596227, 0
217.612, 0.596049, 0
217.679, 0.593395, 0
217.745, 0.596663, 0
217.812, 0.597388, 0
217.879, 0.599039, 0
217.945, 0.596161, 0
218.012, 0.595911, 0
218.078, 0.599753, 0
218.145, 0.600154, 0
218.212, 0.6051, 0
218.278, 0.603453, 0
218.345, 0.605895, 0
218.412, 0.608897, 0
218.478, 0.606184, 0
218.545, 0.608623, 0
218.611, 0.609795, 0
218.678, 0.610926, 0
218.745, 0.61059, 0
218.811, 0.610853, 0
218.878, 0.615239, 0
218.944, 0.613198, 0
219.011, 0.616775, 0
219.078, 0.616983, 0
219.144, 0.615548, 0
219.211, 0.614884, 0
219.277, 0.617708, 0
219.344, 0.617759, 0
219.411, 0.620262, 0
219.477, 0.61961, 0
219.544, 0.619753, 0
219.61, 0.619394, 0
219.677, 0.61973, 0
219.744, 0.620058, 0
219.81, 0.620988, 0
219.877, 0.621613, 0
219.944, 0.621165, 0
220.01, 0.618376, 0
220.077, 0.621038, 0
220.143, 0.621111, 0
220.21, 0.61897, 0
220.277, 0.619865, 0
220.343, 0.622431, 0
220.41, 0.620378, 0
220.476, 0.622114, 0
220.543, 0.571856, 0
220.61, 0.57086, 0
220.676, 0.576223, 0
220.743, 0.577562, 0
220.809, 0.57716, 0
220.876, 0.579811, 0
220.943, 0.583156, 0
221.009, 0.584718, 0
221.076, 0.58402, 0
221.142, 0.582867, 0
221.209, 0.581559, 0
221.276, 0.583627, 0
221.342, 0.583877, 0
221.409, 0.584911, 0
221.476, 0.586107, 0
221.542, 0.591651, 0
221.609, 0.590197, 0
221.675, 0.589294, 0
221.742, 0.588862, 0
221.809, 0.589776, 0
221.875, 0.588908, 0
221.942, 0.592894, 0
222.008, 0.595089, 0
222.075, 0.597134, 0
222.142, 0.596779, 0
222.208, 0.598777, 0
222.275, 0.59939, 0
222.341, 0.594992, 0
222.408, 0.597203, 0
222.475, 0.597596, 0
222.541, 0.594221, 0
222.608, 0.597859, 0
222.674, 0.603623, 0
222.741, 0.604244, 0
222.808, 0.603958, 0
222.874, 0.605509, 0
222.941, 0.605984, 0
223.008, 0.605941, 0
223.074, 0.603029, 0
223.141, 0.610289, 0
223.207, 0.611447, 0
223.274, 0.61311, 0
223.341, 0.612442, 0
223.407, 0.61184, 0
223.474, 0.612342, 0
223.54, 0.612172, 0
223.607, 0.611748, 0
223.674, 0.610556, 0
223.74, 0.612971, 0
223.807, 0.614124, 0
223.873, 0.619965, 0
223.94, 0.617878, 0
224.007, 0.616539, 0
224.073, 0.619703, 0
224.14, 0.621427, 0
224.207, 0.622924, 0
224.273, 0.621065, 0
224.34, 0.620262, 0
224.406, 0.616304, 0
224.473, 0.618873, 0
224.54, 0.621628, 0
224.606, 0.621115, 0
224.673, 0.626331, 0
224.739, 0.624876, 0
224.806, 0.627311, 0
224.873, 0.627064, 0
224.939, 0.627963, 0
225.006, 0.625698, 0
225.072, 0.623071, 0
225.139, 0.623677, 0
225.206, 0.62598, 0
225.272, 0.625563, 0
225.339, 0.627596, 0
225.405, 0.626829, 0
225.472, 0.626543, 0
225.539, 0.584869, 0
225.605, 0.582612, 0
225.672, 0.583719, 0
225.739, 0.587701, 0
225.805, 0.589761, 0
225.872, 0.592697, 0
225.938, 0.595478, 0
226.005, 0.595868, 0
226.072, 0.594988, 0
226.138, 0.593916, 0
226.205, 0.593511, 0
226.271, 0.596404, 0
226.338, 0.597816, 0
226.405, 0.601146, 0
226.471, 0.601065, 0
226.538, 0.602504, 0
226.604, 0.601748, 0
226.671, 0.602396, 0
226.738, 0.603546, 0
226.804, 0.606397, 0
226.871, 0.607407, 0
226.937, 0.609985, 0
227.004, 0.608349, 0
227.071, 0.606833, 0
227.137, 0.607801, 0
227.204, 0.595046, 0
227.271, 0.593804, 0
227.337, 0.596335, 0
227.404, 0.601111, 0
227.47, 0.596736, 0
227.537, 0.598291, 0
227.604, 0.597434, 0
227.67, 0.59929, 0
227.737, 0.597905, 0
227.803, 0.596331, 0
227.87, 0.594066, 0
227.937, 0.597863, 0
228.003, 0.596404, 0
228.07, 0.597091, 0
228.136, 0.598576, 0
228.203, 0.600228, 0
228.27, 0.596609, 0
228.336, 0.600521, 0
228.403, 0.601288, 0
228.469, 0.60012, 0
228.536, 0.601987, 0
228.603, 0.602554, 0
228.669, 0.605903, 0
228.736, 0.604958, 0
228.803, 0.605274, 0
228.869, 0.603788, 0
228.936, 0.60441, 0
229.002, 0.606292, 0
229.069, 0.607188, 0
229.136, 0.604445, 0
229.202, 0.605444, 0
229.269, 0.605185, 0
229.335, 0.608314, 0
229.402, 0.608036, 0
229.469, 0.608252, 0
229.535, 0.609907, 0
229.602, 0.607037, 0
229.668, 0.60973, 0
229.735, 0.609572, 0
229.802, 0.610394, 0
229.868, 0.612863, 0
229.935, 0.611894, 0
230.001, 0.613931, 0
230.068, 0.615764, 0
230.135, 0.6137, 0
230.201, 0.61625, 0
230.268, 0.618468, 0
230.335, 0.619591, 0
230.401, 0.620556, 0
230.468, 0.618966, 0
230.534, 0.590297, 0
230.601, 0.590895, 0
230.668, 0.592458, 0
230.734, 0.597724, 0
230.801, 0.596481, 0
230.867, 0.596154, 0
230.934, 0.597315, 0
231.001, 0.600783, 0
231.067, 0.599761, 0
231.134, 0.602832, 0
231.2, 0.602384, 0
231.267, 0.601694, 0
231.334, 0.603542, 0
231.4, 0.602369, 0
231.467, 0.605108, 0
231.534, 0.60174, 0
231.6, 0.602959, 0
231.667, 0.604117, 0
231.733, 0.607566, 0
231.8, 0.608692, 0
231.867, 0.616053, 0
231.933, 0.61461, 0
232, 0.613206, 0
232.066, 0.614471, 0
232.133, 0.61461, 0
232.2, 0.60836, 0
232.266, 0.608684, 0
232.333, 0.608526, 0
232.399, 0.61277, 0
232.466, 0.613233, 0
232.533, 0.621343, 0
232.599, 0.619336, 0
232.666, 0.621667, 0
232.732, 0.624182, 0
232.799, 0.626856, 0
232.866, 0.627161, 0
232.932, 0.627897, 0
232.999, 0.627882, 0
233.066, 0.629132, 0
233.132, 0.628862, 0
233.199, 0.612843, 0
233.265, 0.615887, 0
233.332, 0.618063, 0
233.399, 0.615922, 0
233.465, 0.617963, 0
233.532, 0.618557, 0
233.598, 0.620806, 0
233.665, 0.620378, 0
233.732, 0.621003, 0
233.798, 0.621883, 0
233.865, 0.564286, 0
233.931, 0.56392, 0
233.998, 0.564626, 0
234.065, 0.561493, 0
234.131, 0.565189, 0
234.198, 0.566879, 0
234.264, 0.568542, 0
234.331, 0.572585, 0
234.398, 0.57314, 0
234.464, 0.574703, 0
234.531, 0.575907, 0
234.598, 0.577373, 0
234.664, 0.579205, 0
234.731, 0.584934, 0
234.797, 0.583079, 0
234.864, 0.58522, 0
234.931, 0.589047, 0
234.997, 0.593291, 0
235.064, 0.594008, 0
235.13, 0.596601, 0
235.197, 0.597319, 0
235.264, 0.599672, 0
235.33, 0.598619, 0
235.397, 0.600826, 0
235.463, 0.600139, 0
235.53, 0.609583, 0
235.597, 0.609672, 0
235.663, 0.608387, 0
235.73, 0.606825, 0
235.796, 0.609414, 0
235.863, 0.609043, 0
235.93, 0.60875, 0
235.996, 0.615571, 0
236.063, 0.615972, 0
236.13, 0.615922, 0
236.196, 0.617959, 0
236.263, 0.620262, 0
236.329, 0.620702, 0
236.396, 0.623364, 0
236.463, 0.624282, 0
236.529, 0.624371, 0
236.596, 0.625725, 0
236.662, 0.624996, 0
236.729, 0.627454, 0
236.796, 0.624151, 0
236.862, 0.626883, 0
236.929, 0.626069, 0
236.995, 0.626759, 0
237.062, 0.626292, 0
237.129, 0.626289, 0
237.195, 0.61689, 0
237.262, 0.617045, 0
237.329, 0.621694, 0
237.395, 0.618206, 0
237.462, 0.622006, 0
237.528, 0.623823, 0
237.595, 0.623696, 0
237.662, 0.62282, 0
237.728, 0.623499, 0
237.795, 0.631624, 0
237.861, 0.63179, 0
237.928, 0.635594, 0
237.995, 0.632631, 0
238.061, 0.636667, 0
238.128, 0.642215, 0
238.194, 0.640718, 0
238.261, 0.644201, 0
238.328, 0.643684, 0
238.394, 0.647018, 0
238.461, 0.644047, 0
238.527, 0.646181, 0
238.594, 0.649738, 0
238.661, 0.650675, 0
238.727, 0.647076, 0
238.794, 0.648943, 0
238.861, 0.648349, 0
238.927, 0.642913, 0
238.994, 0.645814, 0
239.06, 0.644468, 0
239.127, 0.647998, 0
239.194, 0.647523, 0
239.26, 0.645598, 0
239.327, 0.645563, 0
239.393, 0.645297, 0
239.46, 0.618418, 0
239.527, 0.617924, 0
239.593, 0.621478, 0
239.66, 0.624286, 0
239.726, 0.624221, 0
239.793, 0.623252, 0
239.86, 0.624132, 0
239.926, 0.628457, 0
239.993, 0.625482, 0
240.059, 0.624714, 0
240.126, 0.626516, 0
240.193, 0.626601, 0
240.259, 0.630228, 0
240.326, 0.629969, 0
240.393, 0.630004, 0
240.459, 0.63032, 0
240.526, 0.631902, 0
240.592, 0.632388, 0
240.659, 0.633241, 0
240.726, 0.633638, 0
240.792, 0.632554, 0
240.859, 0.630351, 0
240.925, 0.631555, 0
240.992, 0.632971, 0
241.059, 0.634722, 0
241.125, 0.587542, 0
241.192, 0.591331, 0
241.258, 0.596485, 0
241.325, 0.593044, 0
241.392, 0.597184, 0
241.458, 0.602998, 0
241.525, 0.603349, 0
241.591, 0.60392, 0
241.658, 0.604846, 0
241.725, 0.603372, 0
241.791, 0.606829, 0
241.858, 0.608873, 0
241.925, 0.609826, 0
241.991, 0.614005, 0
242.058, 0.615459, 0
242.124, 0.619363, 0
242.191, 0.621165, 0
242.258, 0.625795, 0
242.324, 0.629082, 0
242.391, 0.629579, 0
242.457, 0.631829, 0
242.524, 0.62745, 0
242.591, 0.62848, 0
242.657, 0.632581, 0
242.724, 0.633225, 0
242.79, 0.640729, 0
242.857, 0.637454, 0
242.924, 0.636597, 0
242.99, 0.636115, 0
243.057, 0.636439, 0
243.124, 0.637411, 0
243.19, 0.638735, 0
243.257, 0.644055, 0
243.323, 0.639965, 0
243.39, 0.640706, 0
243.457, 0.641119, 0
243.523, 0.640783, 0
243.59, 0.641312, 0
243.656, 0.644587, 0
243.723, 0.639942, 0
243.79, 0.63576, 0
243.856, 0.640895, 0
243.923, 0.642137, 0
243.989, 0.639672, 0
244.056, 0.64086, 0
244.123, 0.637948, 0
244.189, 0.641975, 0
244.256, 0.642369, 0
244.322, 0.642022, 0
244.389, 0.641894, 0
244.456, 0.611018, 0
244.522, 0.613422, 0
244.589, 0.618229, 0
244.656, 0.616536, 0
244.722, 0.619869, 0
244.789, 0.618387, 0
244.855, 0.618603, 0
244.922, 0.620235, 0
244.989, 0.616053, 0
245.055, 0.622172, 0
245.122, 0.616701, 0
245.188, 0.618233, 0
245.255, 0.62436, 0
245.322, 0.627392, 0
245.388, 0.626709, 0
245.455, 0.629653, 0
245.521, 0.62865, 0
245.588, 0.630837, 0
245.655, 0.627072, 0
245.721, 0.630436, 0
245.788, 0.629911, 0
245.854, 0.632732, 0
245.921, 0.627867, 0
245.988, 0.633148, 0
246.054, 0.631848, 0
246.121, 0.626732, 0
246.188, 0.627766, 0
246.254, 0.628997, 0
246.321, 0.627373, 0
246.387, 0.625922, 0
246.454, 0.621597, 0
246.521, 0.622284, 0
246.587, 0.622431, 0
246.654, 0.62522, 0
246.72, 0.623248, 0
246.787, 0.626204, 0
246.854, 0.62566, 0
246.92, 0.627527, 0
246.987, 0.629919, 0
247.053, 0.631401, 0
247.12, 0.635343, 0
247.187, 0.635096, 0
247.253, 0.635783, 0
247.32, 0.637828, 0
247.386, 0.641026, 0
247.453, 0.639888, 0
247.52, 0.639471, 0
247.586, 0.639757, 0
247.653, 0.641308, 0
247.72, 0.640019, 0
247.786, 0.609487, 0
247.853, 0.611748, 0
247.919, 0.61282, 0
247.986, 0.617299, 0
248.053, 0.617373, 0
248.119, 0.617079, 0
248.186, 0.616794, 0
248.252, 0.615841, 0
248.319, 0.616825, 0
248.386, 0.614653, 0
248.452, 0.616308, 0
248.519, 0.61456, 0
248.585, 0.615521, 0
248.652, 0.616111, 0
248.719, 0.613978, 0
248.785, 0.614981, 0
248.852, 0.616736, 0
248.919, 0.615058, 0
248.985, 0.617658, 0
249.052, 0.619988, 0
249.118, 0.618588, 0
249.185, 0.61912, 0
249.252, 0.616809, 0
249.318, 0.616547, 0
249.385, 0.617728, 0
249.451, 0.607894, 0
249.518, 0.607384, 0
249.585, 0.608488, 0
249.651, 0.608584, 0
249.718, 0.607292, 0
249.784, 0.609896, 0
249.851, 0.595, 0
249.918, 0.600004, 0
249.984, 0.59586, 0
250.051, 0.596786, 0
250.117, 0.60015, 0
250.184, 0.602616, 0
250.251, 0.606605, 0
250.317, 0.607774, 0
250.384, 0.608465, 0
250.451, 0.610926, 0
250.517, 0.611971, 0
250.584, 0.611142, 0
250.65, 0.608179, 0
250.717, 0.612022, 0
250.784, 0.608453, 0
250.85, 0.612948, 0
250.917, 0.608588, 0
250.983, 0.61027, 0
251.05, 0.607959, 0
251.117, 0.558823, 0
251.183, 0.562492, 0
251.25, 0.567836, 0
251.316, 0.568831, 0
251.383, 0.570031, 0
251.45, 0.570617, 0
251.516, 0.570598, 0
251.583, 0.572419, 0
251.649, 0.571597, 0
251.716, 0.573877, 0
251.783, 0.570208, 0
251.849, 0.574522, 0
251.916, 0.574016, 0
251.983, 0.575143, 0
252.049, 0.577091, 0
252.116, 0.578758, 0
252.182, 0.57941, 0
252.249, 0.581717, 0
252.316, 0.583225, 0
252.382, 0.584726, 0
252.449, 0.586528, 0
252.515, 0.585995, 0
252.582, 0.588646, 0
252.649, 0.588036, 0
252.715, 0.592346, 0
252.782, 0.581562, 0
252.848, 0.582292, 0
252.915, 0.586389, 0
252.982, 0.588083, 0
253.048, 0.587172, 0
253.115, 0.587589, 0
253.181, 0.588137, 0
253.248, 0.589691, 0
253.315, 0.595714, 0
253.381, 0.596404, 0
253.448, 0.596076, 0
253.515, 0.595062, 0
253.581, 0.596678, 0
253.648, 0.599634, 0
253.714, 0.602716, 0
253.781, 0.60037, 0
253.848, 0.602932, 0
253.914, 0.599363, 0
253.981, 0.60218, 0
254.047, 0.603831, 0
254.114, 0.606003, 0
254.181, 0.606705, 0
254.247, 0.60907, 0
254.314, 0.610748, 0
254.38, 0.613885, 0
254.447, 0.621173, 0
254.514, 0.622446, 0
254.58, 0.624491, 0
254.647, 0.623395, 0
254.714, 0.626393, 0
254.78, 0.623846, 0
254.847, 0.630737, 0
254.913, 0.623939, 0
254.98, 0.628164, 0
255.047, 0.631501, 0
255.113, 0.630926, 0
255.18, 0.633542, 0
255.246, 0.637643, 0
255.313, 0.638465, 0
255.38, 0.637365, 0
255.446, 0.640563, 0
255.513, 0.643009, 0
255.579, 0.648877, 0
255.646, 0.6464, 0
255.713, 0.646902, 0
255.779, 0.648418, 0
255.846, 0.650166, 0
255.912, 0.649479, 0
255.979, 0.651972, 0
256.046, 0.652859, 0
256.112, 0.650463, 0
256.179, 0.646107, 0
256.246, 0.649715, 0
256.312, 0.654171, 0
256.379, 0.651424, 0
256.445, 0.654961, 0
256.512, 0.655444, 0
256.579, 0.657427, 0
256.645, 0.657839, 0
256.712, 0.663638, 0
256.778, 0.665675, 0
256.845, 0.669244, 0
256.912, 0.671331, 0
256.978, 0.673738, 0
257.045, 0.674325, 0
257.111, 0.675282, 0
257.178, 0.682411, 0
257.245, 0.685432, 0
257.311, 0.681223, 0
257.378, 0.685779, 0
257.444, 0.685787, 0
257.511, 0.68211, 0
257.578, 0.681744, 0
257.644, 0.677878, 0
257.711, 0.677731, 0
257.778, 0.623904, 0
257.844, 0.621798, 0
257.911, 0.622319, 0
257.977, 0.623519, 0
258.044, 0.625417, 0
258.111, 0.628364, 0
258.177, 0.62784, 0
258.244, 0.627689, 0
258.31, 0.630856, 0
258.377, 0.633063, 0
258.444, 0.632797, 0
258.51, 0.640004, 0
258.577, 0.642346, 0
258.643, 0.63973, 0
258.71, 0.636937, 0
258.777, 0.637785, 0
258.843, 0.638121, 0
258.91, 0.639599, 0
258.976, 0.637878, 0
259.043, 0.639282, 0
259.11, 0.640451, 0
259.176, 0.640513, 0
259.243, 0.644151, 0
259.31, 0.64826, 0
259.376, 0.647369, 0
259.443, 0.653804, 0
259.509, 0.649344, 0
259.576, 0.654306, 0
259.643, 0.654387, 0
259.709, 0.659749, 0
259.776, 0.659568, 0
259.842, 0.660478, 0
259.909, 0.659263, 0
259.976, 0.666069, 0
260.042, 0.665008, 0
260.109, 0.668422, 0
260.175, 0.674823, 0
260.242, 0.672222, 0
260.309, 0.668337, 0
260.375, 0.668098, 0
260.442, 0.667215, 0
260.509, 0.671617, 0
260.575, 0.672812, 0
260.642, 0.673954, 0
260.708, 0.675228, 0
260.775, 0.676782, 0
260.842, 0.676779, 0
260.908, 0.676474, 0
260.975, 0.673434, 0
261.041, 0.675849, 0
261.108, 0.650204, 0
261.175, 0.649892, 0
261.241, 0.648407, 0
261.308, 0.654309, 0
261.374, 0.653939, 0
261.441, 0.654313, 0
261.508, 0.654518, 0
261.574, 0.655849, 0
261.641, 0.656204, 0
261.707, 0.650343, 0
261.774, 0.65583, 0
261.841, 0.655729, 0
261.907, 0.657596, 0
261.974, 0.658391, 0
262.041, 0.657847, 0
262.107, 0.657052, 0
262.174, 0.658619, 0
262.24, 0.656335, 0
262.307, 0.658546, 0
262.374, 0.658538, 0
262.44, 0.660802, 0
262.507, 0.655826, 0
262.573, 0.661593, 0
262.64, 0.659792, 0
262.707, 0.664923, 0
262.773, 0.635984, 0
262.84, 0.641115, 0
262.906, 0.642909, 0
262.973, 0.64532, 0
263.04, 0.646366, 0
263.106, 0.642512, 0
263.173, 0.642951, 0
263.239, 0.64167, 0
263.306, 0.644344, 0
263.373, 0.643268, 0
263.439, 0.648094, 0
263.506, 0.64985, 0
263.573, 0.656894, 0
263.639, 0.654491, 0
263.706, 0.650031, 0
263.772, 0.650436, 0
263.839, 0.650907, 0
263.906, 0.649151, 0
263.972, 0.652739, 0
264.039, 0.654661, 0
264.105, 0.652751, 0
264.172, 0.653603, 0
264.239, 0.656975, 0
264.305, 0.661111, 0
264.372, 0.657311, 0
264.438, 0.663576, 0
264.505, 0.665984, 0
264.572, 0.666323, 0
264.638, 0.667199, 0
264.705, 0.668461, 0
264.771, 0.669244, 0
264.838, 0.670467, 0
264.905, 0.671586, 0
264.971, 0.670799, 0
265.038, 0.671728, 0
265.105, 0.674823, 0
265.171, 0.678364, 0
265.238, 0.680201, 0
265.304, 0.679047, 0
265.371, 0.677643, 0
265.438, 0.678954, 0
265.504, 0.674433, 0
265.571, 0.674251, 0
265.637, 0.671181, 0
265.704, 0.67576, 0
265.771, 0.676925, 0
265.837, 0.683561, 0
265.904, 0.682145, 0
265.97, 0.682558, 0
266.037, 0.68216, 0
266.104, 0.66142, 0
266.17, 0.659363, 0
266.237, 0.660289, 0
266.304, 0.655239, 0
266.37, 0.655532, 0
266.437, 0.655864, 0
266.503, 0.632708, 0
266.57, 0.635911, 0
266.637, 0.637593, 0
266.703, 0.635768, 0
266.77, 0.638877, 0
266.836, 0.650737, 0
266.903, 0.651698, 0
266.97, 0.650945, 0
267.036, 0.652585, 0
267.103, 0.656046, 0
267.169, 0.656169, 0
267.236, 0.654568, 0
267.303, 0.654198, 0
267.369, 0.656536, 0
267.436, 0.658403, 0
267.502, 0.660259, 0
267.569, 0.659877, 0
267.636, 0.658958, 0
267.702, 0.660845, 0
267.769, 0.628422, 0
267.836, 0.628445, 0
267.902, 0.626694, 0
267.969, 0.627261, 0
268.035, 0.632677, 0
268.102, 0.631416, 0
268.169, 0.629178, 0
268.235, 0.632608, 0
268.302, 0.635733, 0
268.368, 0.641651, 0
268.435, 0.642076, 0
268.502, 0.644514, 0
268.568, 0.641127, 0
268.635, 0.641192, 0
268.701, 0.650648, 0
268.768, 0.646875, 0
268.835, 0.642809, 0
268.901, 0.644518, 0
268.968, 0.65211, 0
269.034, 0.663877, 0
269.101, 0.66414, 0
269.168, 0.66679, 0
269.234, 0.659556, 0
269.301, 0.657581, 0
269.368, 0.654101, 0
269.434, 0.606539, 0
269.501, 0.605409, 0
269.567, 0.602145, 0
269.634, 0.609703, 0
269.701, 0.614198, 0
269.767, 0.609143, 0
269.834, 0.612651, 0
269.9, 0.6187, 0
269.967, 0.615999, 0
270.034, 0.614664, 0
270.1, 0.621771, 0
270.167, 0.63336, 0
270.233, 0.632905, 0
270.3, 0.621694, 0
270.367, 0.617654, 0
270.433, 0.626065, 0
270.5, 0.622238, 0
270.566, 0.627813, 0
270.633, 0.627866, 0
270.7, 0.636053, 0
270.766, 0.634228, 0
270.833, 0.641192, 0
270.9, 0.63086, 0
270.966, 0.631759, 0
271.033, 0.628029, 0
271.099, 0.649479, 0
271.166, 0.651327, 0
271.233, 0.651906, 0
271.299, 0.661196, 0
271.366, 0.657535, 0
271.432, 0.654252, 0
271.499, 0.661875, 0
271.566, 0.661555, 0
271.632, 0.659391, 0
271.699, 0.650849, 0
271.765, 0.658063, 0
271.832, 0.656894, 0
271.899, 0.656447, 0
271.965, 0.662481, 0
272.032, 0.663538, 0
272.099, 0.663021, 0
272.165, 0.663742, 0
272.232, 0.66532, 0
272.298, 0.66787, 0
272.365, 0.668032, 0
272.432, 0.668303, 0
272.498, 0.665833, 0
272.565, 0.670833, 0
272.631, 0.667747, 0
272.698, 0.667905, 0
272.765, 0.646925, 0
272.831, 0.648669, 0
272.898, 0.648368, 0
272.964, 0.650868, 0
273.031, 0.651995, 0
273.098, 0.65706, 0
273.164, 0.6625, 0
273.231, 0.654468, 0
273.297, 0.657828, 0
273.364, 0.660343, 0
273.431, 0.655679, 0
273.497, 0.662454, 0
273.564, 0.66218, 0
273.631, 0.660802, 0
273.697, 0.649788, 0
273.764, 0.651223, 0
273.83, 0.654923, 0
273.897, 0.660521, 0
273.964, 0.662018, 0
274.03, 0.663133, 0
274.097, 0.658299, 0
274.163, 0.661015, 0
274.23, 0.663565, 0
274.297, 0.661659, 0
274.363, 0.663422, 0
274.43, 0.673889, 0
274.496, 0.676269, 0
274.563, 0.676497, 0
274.63, 0.673677, 0
274.696, 0.67956, 0
274.763, 0.675895, 0
274.829, 0.678283, 0
274.896, 0.677658, 0
274.963, 0.676335, 0
275.029, 0.675783, 0
275.096, 0.674186, 0
275.163, 0.67233, 0
275.229, 0.674468, 0
275.296, 0.675123, 0
275.362, 0.682685, 0
275.429, 0.681451, 0
275.496, 0.682878, 0
275.562, 0.681701, 0
275.629, 0.675158, 0
275.695, 0.677103, 0
275.762, 0.673823, 0
275.829, 0.677523, 0
275.895, 0.67493, 0
275.962, 0.677978, 0
276.028, 0.676655, 0
276.095, 0.611875, 0
276.162, 0.615394, 0
276.228, 0.613345, 0
276.295, 0.61397, 0
276.361, 0.619688, 0
276.428, 0.619915, 0
276.495, 0.619471, 0
276.561, 0.621285, 0
276.628, 0.628661, 0
276.695, 0.625826, 0
276.761, 0.62689, 0
276.828, 0.630795, 0
276.894, 0.631254, 0
276.961, 0.636551, 0
277.028, 0.64468, 0
277.094, 0.650066, 0
277.161, 0.649024, 0
277.227, 0.655324, 0
277.294, 0.657558, 0
277.361, 0.658866, 0
277.427, 0.657041, 0
277.494, 0.661651, 0
277.56, 0.659552, 0
277.627, 0.661806, 0
277.694, 0.663974, 0
277.76, 0.651748, 0
277.827, 0.653248, 0
277.894, 0.656898, 0
277.96, 0.648364, 0
278.027, 0.652758, 0
278.093, 0.667477, 0
278.16, 0.666825, 0
278.227, 0.661941, 0
278.293, 0.670143, 0
278.36, 0.670285, 0
278.426, 0.673183, 0
278.493, 0.685154, 0
278.56, 0.683789, 0
278.626, 0.689529, 0
278.693, 0.690386, 0
278.759, 0.686906, 0
278.826, 0.684595, 0
278.893, 0.687087, 0
278.959, 0.686725, 0
279.026, 0.689765, 0
279.092, 0.692292, 0
279.159, 0.696258, 0
279.226, 0.700154, 0
279.292, 0.694336, 0
279.359, 0.697813, 0
279.426, 0.689294, 0
279.492, 0.687882, 0
279.559, 0.692921, 0
279.625, 0.691821, 0
279.692, 0.693793, 0
279.759, 0.694082, 0
279.825, 0.70311, 0
279.892, 0.700374, 0
279.958, 0.700305, 0
280.025, 0.698993, 0
280.092, 0.698221, 0
280.158, 0.704209, 0
280.225, 0.704741, 0
280.291, 0.712465, 0
280.358, 0.71022, 0
280.425, 0.714934, 0
280.491, 0.718125, 0
280.558, 0.709826, 0
280.624, 0.711493, 0
280.691, 0.714526, 0
280.758, 0.714776, 0
280.824, 0.714958, 0
280.891, 0.7174, 0
280.958, 0.714934, 0
281.024, 0.716794, 0
281.091, 0.678623, 0
281.157, 0.681412, 0
281.224, 0.675301, 0
281.291, 0.680671, 0
281.357, 0.681937, 0
281.424, 0.669653, 0
281.49, 0.673553, 0
281.557, 0.668349, 0
281.624, 0.672388, 0
281.69, 0.676416, 0
281.757, 0.6749, 0
281.823, 0.67843, 0
281.89, 0.670417, 0
281.957, 0.672288, 0
282.023, 0.680999, 0
282.09, 0.687458, 0
282.156, 0.688808, 0
282.223, 0.690397, 0
282.29, 0.685428, 0
282.356, 0.685093, 0
282.423, 0.647296, 0
282.49, 0.636914, 0
282.556, 0.647095, 0
282.623, 0.633696, 0
282.689, 0.615382, 0
282.756, 0.6138, 0
282.823, 0.616277, 0
282.889, 0.612276, 0
282.956, 0.607218, 0
283.022, 0.598943, 0
283.089, 0.604834, 0
283.156, 0.565394, 0
283.222, 0.568715, 0
283.289, 0.567137, 0
283.355, 0.568912, 0
283.422, 0.547373, 0
283.489, 0.544302, 0
283.555, 0.545968, 0
283.622, 0.545571, 0
283.688, 0.543183, 0
283.755, 0.545629, 0
283.822, 0.543461, 0
283.888, 0.54088, 0
283.955, 0.533079, 0
284.022, 0.538252, 0
284.088, 0.541524, 0
284.155, 0.543553, 0
284.221, 0.549194, 0
284.288, 0.551809, 0
284.355, 0.555652, 0
284.421, 0.548329, 0
284.488, 0.564217, 0
284.554, 0.570011, 0
284.621, 0.578183, 0
284.688, 0.582897, 0
284.754, 0.581219, 0
284.821, 0.58838, 0
284.887, 0.587755, 0
284.954, 0.589155, 0
285.021, 0.583866, 0
285.087, 0.589174, 0
285.154, 0.595058, 0
285.221, 0.596968, 0
285.287, 0.601817, 0
285.354, 0.599379, 0
285.42, 0.605336, 0
285.487, 0.609163, 0
285.554, 0.616505, 0
285.62, 0.623218, 0
285.687, 0.63137, 0
285.753, 0.630899, 0
285.82, 0.636416, 0
285.887, 0.651921, 0
285.953, 0.641416, 0
286.02, 0.640154, 0
286.086, 0.644252, 0
286.153, 0.645826, 0
286.22, 0.647346, 0
286.286, 0.659718, 0
286.353, 0.661701, 0
286.419, 0.67042, 0
286.486, 0.660521, 0
286.553, 0.657438, 0
286.619, 0.650482, 0
286.686, 0.652905, 0
286.753, 0.64684, 0
286.819, 0.651879, 0
286.886, 0.648665, 0
286.952, 0.648762, 0
287.019, 0.653808, 0
287.086, 0.658071, 0
287.152, 0.654776, 0
287.219, 0.661775, 0
287.285, 0.662581, 0
287.352, 0.666346, 0
287.419, 0.662249, 0
287.485, 0.668179, 0
287.552, 0.66988, 0
287.618, 0.65659, 0
287.685, 0.6587, 0
287.752, 0.638522, 0
287.818, 0.641381, 0
287.885, 0.644259, 0
287.951, 0.637527, 0
288.018, 0.635687, 0
288.085, 0.630428, 0
288.151, 0.626559, 0
288.218, 0.632118, 0
288.285, 0.623561, 0
288.351, 0.622045, 0
288.418, 0.612269, 0
288.484, 0.608542, 0
288.551, 0.61142, 0
288.618, 0.612041, 0
288.684, 0.609823, 0
288.751, 0.607944, 0
288.817, 0.604745, 0
288.884, 0.595324, 0
288.951, 0.594518, 0
289.017, 0.595675, 0
289.084, 0.595147, 0
289.15, 0.601408, 0
289.217, 0.604869, 0
289.284, 0.610625, 0
289.35, 0.611944, 0
289.417, 0.596605, 0
289.483, 0.604811, 0
289.55, 0.607855, 0
289.617, 0.625683, 0
289.683, 0.62412, 0
289.75, 0.626339, 0
289.817, 0.630833, 0
289.883, 0.631643, 0
289.95, 0.625776, 0
290.016, 0.62995, 0
290.083, 0.630185, 0
290.15, 0.628164, 0
290.216, 0.626512, 0
290.283, 0.620833, 0
290.349, 0.617851, 0
290.416, 0.620069, 0
290.483, 0.62066, 0
290.549, 0.623846, 0
290.616, 0.619923, 0
290.682, 0.62064, 0
290.749, 0.617921, 0
290.816, 0.619545, 0
290.882, 0.617874, 0
290.949, 0.614039, 0
291.016, 0.620675, 0
291.082, 0.623275, 0
291.149, 0.62299, 0
291.215, 0.627427, 0
291.282, 0.634684, 0
291.349, 0.630143, 0
291.415, 0.633758, 0
291.482, 0.633557, 0
291.548, 0.627851, 0
291.615, 0.628592, 0
291.682, 0.624514, 0
291.748, 0.626671, 0
291.815, 0.630957, 0
291.881, 0.625853, 0
291.948, 0.620833, 0
292.015, 0.63093, 0
292.081, 0.627492, 0
292.148, 0.629649, 0
292.214, 0.631593, 0
292.281, 0.622635, 0
292.348, 0.621323, 0
292.414, 0.618013, 0
292.481, 0.62044, 0
292.548, 0.617608, 0
292.614, 0.612072, 0
292.681, 0.597878, 0
292.747, 0.59848, 0
292.814, 0.593646, 0
292.881, 0.580038, 0
292.947, 0.5736, 0
293.014, 0.566188, 0
293.08, 0.549136, 0
293.147, 0.551551, 0
293.214, 0.546952, 0
293.28, 0.539201, 0
293.347, 0.536404, 0
293.413, 0.53625, 0
293.48, 0.531238, 0
293.547, 0.527627, 0
293.613, 0.53044, 0
293.68, 0.533843, 0
293.746, 0.531894, 0
293.813, 0.529553, 0
293.88, 0.524776, 0
293.946, 0.521208, 0
294.013, 0.527824, 0
294.08, 0.52973, 0
294.146, 0.526296, 0
294.213, 0.522758, 0
294.279, 0.514236, 0
294.346, 0.514433, 0
294.413, 0.502222, 0
294.479, 0.502477, 0
294.546, 0.500409, 0
294.612, 0.509876, 0
294.679, 0.509614, 0
294.746, 0.506725, 0
294.812, 0.514934, 0
294.879, 0.51267, 0
294.945, 0.516806, 0
295.012, 0.526474, 0
295.079, 0.530687, 0
295.145, 0.534946, 0
295.212, 0.540976, 0
295.278, 0.545405, 0
295.345, 0.546863, 0
295.412, 0.547704, 0
295.478, 0.548858, 0
295.545, 0.548491, 0
295.612, 0.542689, 0
295.678, 0.541493, 0
295.745, 0.544657, 0
295.811, 0.547176, 0
295.878, 0.551242, 0
295.945, 0.5476, 0
296.011, 0.549699, 0
296.078, 0.564807, 0
296.144, 0.569873, 0
296.211, 0.570579, 0
296.278, 0.571956, 0
296.344, 0.569124, 0
296.411, 0.574518, 0
296.477, 0.579788, 0
296.544, 0.586647, 0
296.611, 0.581601, 0
296.677, 0.590741, 0
296.744, 0.593858, 0
296.811, 0.600143, 0
296.877, 0.604776, 0
296.944, 0.611713, 0
297.01, 0.616512, 0
297.077, 0.622338, 0
297.144, 0.621655, 0
297.21, 0.625864, 0
297.277, 0.628202, 0
297.343, 0.628673, 0
297.41, 0.625664, 0
297.477, 0.622203, 0
297.543, 0.619348, 0
297.61, 0.615559, 0
297.676, 0.620019, 0
297.743, 0.587458, 0
297.81, 0.58816, 0
297.876, 0.590054, 0
297.943, 0.591859, 0
298.009, 0.592546, 0
298.076, 0.5949, 0
298.143, 0.58282, 0
298.209, 0.582685, 0
298.276, 0.580251, 0
298.343, 0.578908, 0
298.409, 0.573364, 0
298.476, 0.574934, 0
298.542, 0.569016, 0
298.609, 0.562678, 0
298.676, 0.558206, 0
298.742, 0.558877, 0
298.809, 0.547477, 0
298.875, 0.535787, 0
298.942, 0.528808, 0
299.009, 0.52137, 0
299.075, 0.514313, 0
299.142, 0.514217, 0
299.208, 0.503279, 0
299.275, 0.496111, 0
299.342, 0.489576, 0
299.408, 0.480482, 0
299.475, 0.475062, 0
299.541, 0.476543, 0
299.608, 0.47838, 0
299.675, 0.478831, 0
299.741, 0.473877, 0
299.808, 0.46613, 0
299.875, 0.467369, 0
299.941, 0.471215, 0
300.008, 0.481748, 0
300.074, 0.484796, 0
300.141, 0.485397, 0
300.208, 0.49392, 0
300.274, 0.490903, 0
300.341, 0.490259, 0
300.407, 0.491026, 0
300.474, 0.490193, 0
300.541, 0.485228, 0
300.607, 0.488407, 0
300.674, 0.486933, 0
300.74, 0.483411, 0
300.807, 0.481771, 0
300.874, 0.484834, 0
300.94, 0.480178, 0
301.007, 0.473495, 0
301.073, 0.441867, 0
301.14, 0.451493, 0
301.207, 0.451589, 0
301.273, 0.453426, 0
301.34, 0.454263, 0
301.407, 0.466524, 0
301.473, 0.455448, 0
301.54, 0.46642, 0
301.606, 0.467847, 0
301.673, 0.479568, 0
301.74, 0.494147, 0
301.806, 0.492026, 0
301.873, 0.495876, 0
301.939, 0.4864, 0
302.006, 0.483623, 0
302.073, 0.478488, 0
302.139, 0.477114, 0
302.206, 0.464479, 0
302.272, 0.465448, 0
302.339, 0.468881, 0
302.406, 0.464171, 0
302.472, 0.465714, 0
302.539, 0.469394, 0
302.606, 0.474772, 0
302.672, 0.467488, 0
302.739, 0.456736, 0
302.805, 0.459028, 0
302.872, 0.462326, 0
302.939, 0.465332, 0
303.005, 0.46446, 0
303.072, 0.464479, 0
303.138, 0.456088, 0
303.205, 0.460382, 0
303.272, 0.46169, 0
303.338, 0.469213, 0
303.405, 0.477261, 0
303.471, 0.475837, 0
303.538, 0.479078, 0
303.605, 0.450235, 0
303.671, 0.449873, 0
303.738, 0.446663, 0
303.804, 0.44515, 0
303.871, 0.444213, 0
303.938, 0.439718, 0
304.004, 0.453762, 0
304.071, 0.448982, 0
304.138, 0.448329, 0
304.204, 0.44674, 0
304.271, 0.450826, 0
304.337, 0.452072, 0
304.404, 0.439105, 0
304.471, 0.421385, 0
304.537, 0.431914, 0
304.604, 0.439363, 0
304.67, 0.443862, 0
304.737, 0.452114, 0
304.804, 0.457739, 0
304.87, 0.450502, 0
304.937, 0.453765, 0
305.003, 0.450718, 0
305.07, 0.451705, 0
305.137, 0.447469, 0
305.203, 0.449896, 0
305.27, 0.449865, 0
305.336, 0.452928, 0
305.403, 0.445768, 0
305.47, 0.444124, 0
305.536, 0.444888, 0
305.603, 0.437319, 0
305.67, 0.444356, 0
305.736, 0.448272, 0
305.803, 0.45265, 0
305.869, 0.464298, 0
305.936, 0.474657, 0
306.003, 0.472905, 0
306.069, 0.444475, 0
306.136, 0.444931, 0
306.202, 0.454147, 0
306.269, 0.461941, 0
306.336, 0.44988, 0
306.402, 0.453237, 0
306.469, 0.449664, 0
306.535, 0.450247, 0
306.602, 0.441566, 0
306.669, 0.442114, 0
306.735, 0.445347, 0
306.802, 0.437014, 0
306.868, 0.429475, 0
306.935, 0.432292, 0
307.002, 0.43316, 0
307.068, 0.435563, 0
307.135, 0.431655, 0
307.202, 0.425475, 0
307.268, 0.415436, 0
307.335, 0.411034, 0
307.401, 0.410162, 0
307.468, 0.409499, 0
307.535, 0.408642, 0
307.601, 0.410914, 0
307.668, 0.399039, 0
307.734, 0.386404, 0
307.801, 0.383669, 0
307.868, 0.387569, 0
307.934, 0.388218, 0
308.001, 0.373893, 0
308.067, 0.365451, 0
308.134, 0.358221, 0
308.201, 0.360432, 0
308.267, 0.351875, 0
308.334, 0.3489, 0
308.401, 0.346065, 0
308.467, 0.347894, 0
308.534, 0.349144, 0
308.6, 0.352593, 0
308.667, 0.343603, 0
308.734, 0.337272, 0
308.8, 0.338985, 0
308.867, 0.334753, 0
308.933, 0.336003, 0
309, 0.341732, 0
309.067, 0.351732, 0
309.133, 0.352488, 0
309.2, 0.342708, 0
309.266, 0.354695, 0
309.333, 0.351644, 0
309.4, 0.351775, 0
309.466, 0.357828, 0
309.533, 0.362272, 0
309.599, 0.36642, 0
309.666, 0.373673, 0
309.733, 0.373619, 0
309.799, 0.387442, 0
309.866, 0.395791, 0
309.933, 0.3938, 0
309.999, 0.396069, 0
310.066, 0.408696, 0
310.132, 0.407581, 0
310.199, 0.416358, 0
310.266, 0.417928, 0
310.332, 0.41635, 0
310.399, 0.400386, 0
310.465, 0.398943, 0
310.532, 0.39917, 0
310.599, 0.407272, 0
310.665, 0.398519, 0
310.732, 0.398248, 0
310.798, 0.393009, 0
310.865, 0.394394, 0
310.932, 0.396809, 0
310.998, 0.395312, 0
311.065, 0.391644, 0
311.131, 0.388951, 0
311.198, 0.373827, 0
311.265, 0.367813, 0
311.331, 0.36549, 0
311.398, 0.359676, 0
311.465, 0.355536, 0
311.531, 0.352041, 0
311.598, 0.346319, 0
311.664, 0.342454, 0
311.731, 0.334587, 0
311.798, 0.322292, 0
311.864, 0.316755, 0
311.931, 0.317184, 0
311.997, 0.31235, 0
312.064, 0.307782, 0
312.131, 0.304653, 0
312.197, 0.312025, 0
312.264, 0.31603, 0
312.33, 0.317203, 0
312.397, 0.317816, 0
312.464, 0.315934, 0
312.53, 0.315972, 0
312.597, 0.307056, 0
312.663, 0.306667, 0
312.73, 0.291744, 0
312.797, 0.296038, 0
312.863, 0.287434, 0
312.93, 0.290208, 0
312.997, 0.295251, 0
313.063, 0.305085, 0
313.13, 0.300417, 0
313.196, 0.306917, 0
313.263, 0.305567, 0
313.33, 0.301624, 0
313.396, 0.311829, 0
313.463, 0.313071, 0
313.529, 0.316254, 0
313.596, 0.322824, 0
313.663, 0.326906, 0
313.729, 0.331192, 0
313.796, 0.342581, 0
313.862, 0.342168, 0
313.929, 0.34615, 0
313.996, 0.354024, 0
314.062, 0.361416, 0
314.129, 0.3614, 0
314.196, 0.366227, 0
314.262, 0.373468, 0
314.329, 0.373866, 0
314.395, 0.379996, 0
314.462, 0.375363, 0
314.529, 0.362604, 0
314.595, 0.366069, 0
314.662, 0.367191, 0
314.728, 0.367944, 0
314.795, 0.354244, 0
314.862, 0.363719, 0
314.928, 0.362022, 0
314.995, 0.366516, 0
315.061, 0.356034, 0
315.128, 0.352515, 0
315.195, 0.351771, 0
315.261, 0.348993, 0
315.328, 0.349167, 0
315.394, 0.349063, 0
315.461, 0.350556, 0
315.528, 0.355197, 0
315.594, 0.350613, 0
315.661, 0.341632, 0
315.728, 0.347049, 0
315.794, 0.33674, 0
315.861, 0.336825, 0
315.927, 0.337627, 0
315.994, 0.333592, 0
316.061, 0.315945, 0
316.127, 0.315239, 0
316.194, 0.306748, 0
316.26, 0.305787, 0
316.327, 0.303179, 0
316.394, 0.294595, 0
316.46, 0.268912, 0
316.527, 0.274012, 0
316.593, 0.280278, 0
316.66, 0.269329, 0
316.727, 0.265644, 0
316.793, 0.255509, 0
316.86, 0.239078, 0
316.926, 0.232357, 0
316.993, 0.219012, 0
317.06, 0.214934, 0
317.126, 0.209367, 0
317.193, 0.199784, 0
317.26, 0.189132, 0
317.326, 0.184961, 0
317.393, 0.176034, 0
317.459, 0.169063, 0
317.526, 0.16586, 0
317.593, 0.164495, 0
317.659, 0.166146, 0
317.726, 0.159117, 0
317.792, 0.151285, 0
317.859, 0.155845, 0
317.926, 0.160872, 0
317.992, 0.152851, 0
318.059, 0.136454, 0
318.125, 0.133553, 0
318.192, 0.123457, 0
318.259, 0.115517, 0
318.325, 0.112951, 0
318.392, 0.108831, 0
318.458, 0.101289, 0
318.525, 0.101362, 0
318.592, 0.0927855, 0
318.658, 0.0845062, 0
318.725, 0.0790779, 0
318.792, 0.0740586, 0
318.858, 0.069892, 0
318.925, 0.0657755, 0
318.991, 0.0557678, 0
319.058, 0.0535069, 0
319.125, 0.0473302, 0
319.191, 0.0423418, 0
319.258, 0.0376389, 0
319.324, 0.0334452, 0
319.391, 0.0288542, 0
319.458, 0.0241281, 0
319.524, 0.0231674, 0
319.591, 0.0216204, 0
319.657, 0.0193056, 0
319.724, 0.0175039, 0
319.791, 0.0137346, 0
319.857, 0.0105633, 0
319.924, 0.00929012, 0
319.991, 0.00936343, 0
320.057, 0.00782407, 0
320.124, 0.00702161, 0
320.19, 0.00763889, 0
320.257, 0.0119676, 0
320.324, 0.010054, 0
320.39, 0.00846451, 0
320.457, 0.00827932, 0
320.523, 0.00886574, 0
320.59, 0.00783179, 0
320.657, 0.00840278, 0
320.723, 0.0102546, 0
320.79, 0.00752701, 0
320.856, 0.00679012, 0
320.923, 0.00597222, 0
320.99, 0.00766975, 0
321.056, 0.00748457, 0
321.123, 0.00632716, 0
321.189, 0.00861111, 0
321.256, 0.00839506, 0
321.323, 0.00710648, 0
321.389, 0.00747685, 0
321.456, 0.0110725, 0
321.523, 0.00807099, 0
321.589, 0.00743827, 0
321.656, 0.00770062, 0
321.722, 0.00771605, 0
321.789, 0.00974537, 0
321.856, 0.00876543, 0
321.922, 0.0103086, 0
321.989, 0.0178549, 0
322.055, 0.0172531, 0
322.122, 0.0171991, 0
322.189, 0.0160494, 0
322.255, 0.016875, 0
322.322, 0.01674, 0
322.388, 0.0176003, 0
322.455, 0.0158256, 0
322.522, 0.0174306, 0
322.588, 0.0180093, 0
322.655, 0.016412, 0
322.721, 0.015463, 0
322.788, 0.0155556, 0
322.855, 0.0155093, 0
322.921, 0.0179012, 0
322.988, 0.0166204, 0
323.055, 0.0161883, 0
323.121, 0.0169599, 0
323.188, 0.0184414, 0
323.254, 0.0167284, 0
323.321, 0.0185031, 0
323.388, 0.0192747, 0
323.454, 0.0189815, 0
323.521, 0.0171836, 0
323.587, 0.0171451, 0
323.654, 0.0153241, 0
323.721, 0.0142901, 0
323.787, 0.0133565, 0
323.854, 0.0155247, 0
323.92, 0.0152546, 0
323.987, 0.0167284, 0
324.054, 0.0143441, 0
324.12, 0.0145795, 0
324.187, 0.0121373, 0
324.253, 0.0123225, 0
324.32, 0.0126466, 0
324.387, 0.0129398, 0
324.453, 0.0119985, 0
324.52, 0.0124614, 0
324.587, 0.0148148, 0
324.653, 0.0118248, 0
324.72, 0.0119599, 0
324.786, 0.0136883, 0
324.853, 0.0138889, 0
324.92, 0.0135031, 0
324.986, 0.0135339, 0
325.053, 0.0133642, 0
325.119, 0.0124884, 0
325.186, 0.0146991, 0
325.253, 0.014375, 0
325.319, 0.015108, 0
325.386, 0.0161497, 0
325.452, 0.0169676, 0
325.519, 0.0184144, 0
325.586, 0.0175694, 0
325.652, 0.0173843, 0
325.719, 0.0176929, 0
325.786, 0.0190201, 0
325.852, 0.0188349, 0
325.919, 0.020054, 0
325.985, 0.0177083, 0
326.052, 0.0172917, 0
326.119, 0.0177546, 0
326.185, 0.0186188, 0
326.252, 0.0165355, 0
326.318, 0.0187539, 0
326.385, 0.0199691, 0
326.452, 0.0205864, 0
326.518, 0.0211574, 0
326.585, 0.0219059, 0
326.651, 0.0225077, 0
326.718, 0.0221836, 0
326.785, 0.0207485, 0
326.851, 0.0214776, 0
326.918, 0.0236806, 0
326.984, 0.0190586, 0
327.051, 0.0191821, 0
327.118, 0.0164506, 0
327.184, 0.0128086, 0
327.251, 0.0122068, 0
327.318, 0.00902778, 0
327.384, 0.00941358, 0
327.451, 0.0117593, 0
327.517, 0.0178395, 0
327.584, 0.023287, 0
327.651, 0.0266358, 0
327.717, 0.0347685, 0
327.784, 0.0396605, 0
327.85, 0.0388117, 0
327.917, 0.0396335, 0
327.984, 0.0411806, 0
328.05, 0.046088, 0
328.117, 0.0547762, 0
328.183, 0.0650309, 0
328.25, 0.072338, 0
328.317, 0.079483, 0
328.383, 0.0887963, 0
328.45, 0.0936034, 0
328.516, 0.0981559, 0
328.583, 0.0976312, 0
328.65, 0.0938503, 0
328.716, 0.0973573, 0
328.783, 0.0962577, 0
328.85, 0.0962423, 0
328.916, 0.0989005, 0
328.983, 0.0992361, 0
329.049, 0.100606, 0
329.116, 0.103924, 0
329.183, 0.105517, 0
329.249, 0.103804, 0
329.316, 0.105436, 0
329.382, 0.104942, 0
329.449, 0.105374, 0
329.516, 0.108356, 0
329.582, 0.108792, 0
329.649, 0.111632, 0
329.715, 0.113735, 0
329.782, 0.113241, 0
329.849, 0.110795, 0
329.915, 0.106181, 0
329.982, 0.103584, 0
330.048, 0.105262, 0
330.115, 0.102982, 0
330.182, 0.0946952, 0
330.248, 0.0978434, 0
330.315, 0.0806829, 0
330.382, 0.085463, 0
330.448, 0.0862886, 0
330.515, 0.0788272, 0
330.581, 0.073912, 0
330.648, 0.0749768, 0
330.715, 0.0713889, 0
330.781, 0.0668518, 0
330.848, 0.0685417, 0
330.914, 0.0645988, 0
330.981, 0.0686343, 0
331.048, 0.0625309, 0
331.114, 0.0635147, 0
331.181, 0.0545718, 0
331.247, 0.0607099, 0
331.314, 0.0595525, 0
331.381, 0.0657716, 0
331.447, 0.066983, 0
331.514, 0.0684491, 0
331.581, 0.0622531, 0
331.647, 0.0648958, 0
331.714, 0.0590818, 0
331.78, 0.057091, 0
331.847, 0.0606057, 0
331.914, 0.0598534, 0
331.98, 0.0554591, 0
332.047, 0.0515934, 0
332.113, 0.0526312, 0
332.18, 0.0535648, 0
332.247, 0.0567747, 0
332.313, 0.0542785, 0
332.38, 0.0580247, 0
332.446, 0.0565278, 0
332.513, 0.0553897, 0
332.58, 0.0606173, 0
332.646, 0.0607948, 0
332.713, 0.061142, 0
332.779, 0.0626389, 0
332.846, 0.0693094, 0
332.913, 0.0690355, 0
332.979, 0.0712539, 0
333.046, 0.0740586, 0
333.113, 0.0704784, 0
333.179, 0.0668133, 0
333.246, 0.0663002, 0
333.312, 0.0661767, 0
333.379, 0.0702083, 0
333.446, 0.0758642, 0
333.512, 0.0774035, 0
333.579, 0.0839699, 0
333.645, 0.0696759, 0
333.712, 0.0667361, 0
333.779, 0.0625926, 0
333.845, 0.0637461, 0
333.912, 0.0584684, 0
333.978, 0.0517786, 0
334.045, 0.048912, 0
334.112, 0.0417052, 0
334.178, 0.0395988, 0
334.245, 0.0416744, 0
334.311, 0.0473688, 0
334.378, 0.0453395, 0
334.445, 0.0458796, 0
334.511, 0.0427932, 0
334.578, 0.0383488, 0
334.645, 0.0411883, 0
334.711, 0.0377971, 0
334.778, 0.0376312, 0
334.844, 0.0336728, 0
334.911, 0.0327546, 0
334.978, 0.0293981, 0
335.044, 0.0276312, 0
335.111, 0.0233873, 0
335.177, 0.0206481, 0
335.244, 0.0185802, 0
335.311, 0.0197917, 0
335.377, 0.0194676, 0
335.444, 0.0187963, 0
335.51, 0.0183796, 0
335.577, 0.0179475, 0
335.644, 0.0184954, 0
335.71, 0.016034, 0
335.777, 0.0158256, 0
335.843, 0.0177701, 0
335.91, 0.0168827, 0
335.977, 0.0259105, 0
336.043, 0.0266667, 0
336.11, 0.0309105, 0
336.177, 0.0362924, 0
336.243, 0.0396296, 0
336.31, 0.0500926, 0
336.376, 0.0609645, 0
336.443, 0.0706944, 0
336.51, 0.0825463, 0
336.576, 0.0946952, 0
336.643, 0.101678, 0
336.709, 0.112431, 0
336.776, 0.121644, 0
336.843, 0.128476, 0
336.909, 0.14108, 0
336.976, 0.148048, 0
337.042, 0.153924, 0
337.109, 0.168488, 0
337.176, 0.174275, 0
337.242, 0.181725, 0
337.309, 0.195, 0
337.375, 0.202512, 0
337.442, 0.208472, 0
337.509, 0.22429, 0
337.575, 0.230949, 0
337.642, 0.237469, 0
337.709, 0.24816, 0
337.775, 0.25956, 0
337.842, 0.260725, 0
337.908, 0.26581, 0
337.975, 0.268171, 0
338.042, 0.270505, 0
338.108, 0.282677, 0
338.175, 0.287268, 0
338.241, 0.287126, 0
338.308, 0.296593, 0
338.375, 0.288947, 0
338.441, 0.288148, 0
338.508, 0.280255, 0
338.574, 0.284483, 0
338.641, 0.297913, 0
338.708, 0.293005, 0
338.774, 0.285417, 0
338.841, 0.28517, 0
338.908, 0.28076, 0
338.974, 0.268765, 0
339.041, 0.267292, 0
339.107, 0.261177, 0
339.174, 0.256543, 0
339.241, 0.254387, 0
339.307, 0.254209, 0
339.374, 0.252234, 0
339.44, 0.251497, 0
339.507, 0.246022, 0
339.574, 0.242292, 0
339.64, 0.236902, 0
339.707, 0.232654, 0
339.773, 0.22919, 0
339.84, 0.221416, 0
339.907, 0.218218, 0
339.973, 0.207828, 0
340.04, 0.204379, 0
340.106, 0.195926, 0
340.173, 0.186335, 0
340.24, 0.179765, 0
340.306, 0.178526, 0
340.373, 0.166555, 0
340.44, 0.16115, 0
340.506, 0.146408, 0
340.573, 0.134375, 0
340.639, 0.128592, 0
340.706, 0.123225, 0
340.773, 0.107589, 0
340.839, 0.104726, 0
340.906, 0.093831, 0
340.972, 0.0838812, 0
341.039, 0.0813619, 0
341.106, 0.0697647, 0
341.172, 0.0558295, 0
341.239, 0.0519599, 0
341.305, 0.0449306, 0
341.372, 0.0375926, 0
341.439, 0.0294753, 0
341.505, 0.0255748, 0
341.572, 0.0219097, 0
341.638, 0.0182909, 0
341.705, 0.015409, 0
341.772, 0.00979938, 0
341.838, 0.00761574, 0
341.905, 0.00653549, 0
341.972, 0.00325617, 0
342.038, 0.00367284, 0
342.105, 0.00333333, 0
342.171, 0.00333333, 0
342.238, 0.00148148, 0
342.305, 0.00398148, 0
342.371, 0.00231481, 0
342.438, 0.00541667, 0
342.504, 0.00375, 0
342.571, 0.005, 0
342.638, 0.00439815, 0
342.704, 0.00208333, 0
342.771, 0.005, 0
342.837, 0.000231481, 0
342.904, 0.00212963, 0
342.971, 0.00375, 0
343.037, 0.00398148, 0
343.104, 0.00166667, 0
343.17, 0.00333333, 0
343.237, 0.00333333, 0
343.304, 0.00666667, 0
343.37, 0.00208333, 0
343.437, 0.005, 0
343.504, 0.005, 0
343.57, 0.00375, 0
343.637, 0.00680556, 0
343.703, 0.00731482, 0
343.77, 0.00731482, 0
343.837, 0.00731482, 0
343.903, 0.00726852, 0
343.97, 0.00421296, 0
344.036, 0.00421296, 0
344.103, 0.00601852, 0
344.17, 0.00601852, 0
344.236, 0.00560185, 0
344.303, 0.00435185, 0
344.369, 0.00296296, 0
344.436, 0.0062963, 0
344.503, 0.0012963, 0
344.569, 0.0037963, 0
344.636, 0.00546296, 0
344.703, 0.00671296, 0
344.769, 0.0037963, 0
344.836, 0.00462963, 0
344.902, 0.00712963, 0
344.969, 0.00421296, 0
345.036, 0.00462963, 0
345.102, 0.0037963, 0
345.169, 0.0025463, 0
345.235, 0.00296296, 0
345.302, 0.00239198, 0
345.369, 0.00239198, 0
345.435, 0.0012037, 0
345.502, 0.0012037, 0
345.568, 0.00158951, 0
345.635, 0.00236111, 0
345.702, 0.00117284, 0
345.768, 0.00194444, 0
345.835, 0.00208333, 0
345.901, 0.00208333, 0
345.968, 0.000416667, 0
346.035, 0.00125, 0
346.101, 0, 0
346.168, 0.00208333, 0
346.235, 0.00208333, 0
346.301, 0.00166667, 0
346.368, 0.00208333, 0
346.434, 0.00166667, 0
346.501, 0.0025, 0
346.568, 0, 0
346.634, 0.005, 0
346.701, 0.00541667, 0
346.767, 0.00208333, 0
346.834, 0.00625, 0
346.901, 0.00416667, 0
346.967, 0.005, 0
347.034, 0.00375, 0
347.1, 0.00166667, 0
347.167, 0, 0
347.234, 0.00416667, 0
347.3, 0.00208333, 0
347.367, 0.00166667, 0
347.433, 0.00166667, 0
347.5, 0.00416667, 0
347.567, 0.00375, 0
347.633, 0.00375, 0
347.7, 0.00513889, 0
347.767, 0.00430556, 0
347.833, 0.00513889, 0
347.9, 0.00513889, 0
347.966, 0.0025, 0
348.033, 0.00375, 0
348.1, 0.00625, 0
348.166, 0.005, 0
348.233, 0.005, 0
348.299, 0.00567515, 0
348.366, 0.00541667, 0
348.433, 0.00375, 0
348.499, 0.00375, 0
348.566, 0.00458333, 0
348.632, 0.00416667, 0
348.699, 0.00375, 0
348.766, 0.00375, 0
348.832, 0.00541667, 0
348.899, 0.00666667, 0
348.965, 0.00527778, 0
349.032, 0.00375, 0
349.099, 0.00291667, 0
349.165, 0.00166667, 0
349.232, 0.00125, 0
349.299, 0.000416667, 0
349.365, 0.0025, 0
349.432, 0.0025, 0
349.498, 0.00541667, 0
349.565, 0.00541667, 0
349.632, 0.00458333, 0
349.698, 0.00150849, 0
349.765, 0.00402778, 0
349.831, 0.00402778, 0
349.898, 0.00277778, 0
349.965, 0.0025, 0
350.031, 0.00583333, 0
350.098, 0.00416667, 0
350.164, 0.0103549, 0
350.231, 0.0195833, 0
350.298, 0.0224846, 0
350.364, 0.0301235, 0
350.431, 0.0353549, 0
350.498, 0.0409105, 0
350.564, 0.0450926, 0
350.631, 0.0509722, 0
350.697, 0.048179, 0
350.764, 0.0487963, 0
350.831, 0.0522454, 0
350.897, 0.0542901, 0
350.964, 0.0550926, 0
351.03, 0.0560262, 0
351.097, 0.0579244, 0
351.164, 0.056142, 0
351.23, 0.0579823, 0
351.297, 0.0599383, 0
351.363, 0.0595602, 0
351.43, 0.0617901, 0
351.497, 0.0587423, 0
351.563, 0.0582793, 0
351.63, 0.0571914, 0
351.696, 0.0579282, 0
351.763, 0.0580324, 0
351.83, 0.0604012, 0
351.896, 0.0611265, 0
351.963, 0.0587616, 0
352.03, 0.067662, 0
352.096, 0.0628858, 0
352.163, 0.0652546, 0
352.229, 0.069838, 0
352.296, 0.0746605, 0
352.363, 0.0805324, 0
352.429, 0.0851775, 0
352.496, 0.0896682, 0
352.562, 0.0976698, 0
352.629, 0.103449, 0
352.696, 0.107716, 0
352.762, 0.110756, 0
352.829, 0.117068, 0
352.895, 0.120154, 0
352.962, 0.122014, 0
353.029, 0.123796, 0
353.095, 0.122708, 0
353.162, 0.130274, 0
353.228, 0.132238, 0
353.295, 0.131547, 0
353.362, 0.130972, 0
353.428, 0.13159, 0
353.495, 0.130494, 0
353.562, 0.129691, 0
353.628, 0.135583, 0
353.695, 0.134313, 0
353.761, 0.130872, 0
353.828, 0.135401, 0
353.895, 0.135891, 0
353.961, 0.136011, 0
354.028, 0.137361, 0
354.094, 0.136524, 0
354.161, 0.133164, 0
354.228, 0.137076, 0
354.294, 0.135008, 0
354.361, 0.137843, 0
354.427, 0.129757, 0
354.494, 0.127485, 0
354.561, 0.129367, 0
354.627, 0.129715, 0
354.694, 0.126914, 0
354.76, 0.126335, 0
354.827, 0.126844, 0
354.894, 0.128781, 0
354.96, 0.129506, 0
355.027, 0.132604, 0
355.094, 0.131354, 0
355.16, 0.128252, 0
355.227, 0.133638, 0
355.293, 0.132901, 0
355.36, 0.135328, 0
355.427, 0.135563, 0
355.493, 0.13637, 0
355.56, 0.142847, 0
355.626, 0.142022, 0
355.693, 0.143264, 0
355.76, 0.146088, 0
355.826, 0.143708, 0
355.893, 0.143067, 0
355.959, 0.14664, 0
356.026, 0.136713, 0
356.093, 0.142566, 0
356.159, 0.148059, 0
356.226, 0.148704, 0
356.293, 0.14098, 0
356.359, 0.146566, 0
356.426, 0.152407, 0
356.492, 0.155077, 0
356.559, 0.164333, 0
356.626, 0.166377, 0
356.692, 0.166022, 0
356.759, 0.172755, 0
356.825, 0.176755, 0
356.892, 0.179398, 0
356.959, 0.185336, 0
357.025, 0.19539, 0
357.092, 0.194456, 0
357.158, 0.196995, 0
357.225, 0.201323, 0
357.292, 0.201138, 0
357.358, 0.203592, 0
357.425, 0.203137, 0
357.491, 0.202153, 0
357.558, 0.203264, 0
357.625, 0.204008, 0
357.691, 0.193835, 0
357.758, 0.195301, 0
357.825, 0.191782, 0
357.891, 0.195837, 0
357.958, 0.200247, 0
358.024, 0.203299, 0
358.091, 0.206659, 0
358.158, 0.204599, 0
358.224, 0.207485, 0
358.291, 0.204475, 0
358.357, 0.201389, 0
358.424, 0.204649, 0
358.491, 0.206246, 0
358.557, 0.205448, 0
358.624, 0.210378, 0
358.69, 0.213395, 0
358.757, 0.219958, 0
358.824, 0.229348, 0
358.89, 0.228229, 0
358.957, 0.232805, 0
359.023, 0.239043, 0
359.09, 0.237569, 0
359.157, 0.245795, 0
359.223, 0.245536, 0
359.29, 0.245779, 0
359.357, 0.25184, 0
359.423, 0.246709, 0
359.49, 0.241458, 0
359.556, 0.244348, 0
359.623, 0.24211, 0
359.69, 0.237299, 0
359.756, 0.22978, 0
359.823, 0.222924, 0
359.889, 0.226026, 0
359.956, 0.227037, 0
360.023, 0.225204, 0
360.089, 0.22755, 0
360.156, 0.227828, 0
360.222, 0.226096, 0
360.289, 0.227581, 0
360.356, 0.226096, 0
360.422, 0.225802, 0
360.489, 0.228117, 0
360.555, 0.228954, 0
360.622, 0.223677, 0
360.689, 0.226373, 0
360.755, 0.231123, 0
360.822, 0.232218, 0
360.889, 0.235872, 0
360.955, 0.239144, 0
361.022, 0.214931, 0
361.088, 0.21723, 0
361.155, 0.22017, 0
361.222, 0.224306, 0
361.288, 0.225687, 0
361.355, 0.23108, 0
361.421, 0.228765, 0
361.488, 0.229776, 0
361.555, 0.239109, 0
361.621, 0.244522, 0
361.688, 0.247677, 0
361.754, 0.253696, 0
361.821, 0.265235, 0
361.888, 0.274668, 0
361.954, 0.279313, 0
362.021, 0.286339, 0
362.088, 0.287577, 0
362.154, 0.293194, 0
362.221, 0.302998, 0
362.287, 0.30534, 0
362.354, 0.312728, 0
362.421, 0.317527, 0
362.487, 0.321589, 0
362.554, 0.331026, 0
362.62, 0.333341, 0
362.687, 0.341863, 0
362.754, 0.345093, 0
362.82, 0.356238, 0
362.887, 0.354062, 0
362.953, 0.354225, 0
363.02, 0.36027, 0
363.087, 0.354059, 0
363.153, 0.355729, 0
363.22, 0.355926, 0
363.286, 0.357029, 0
363.353, 0.357647, 0
363.42, 0.356366, 0
363.486, 0.354784, 0
363.553, 0.355671, 0
363.62, 0.360575, 0
363.686, 0.360463, 0
363.753, 0.3626, 0
363.819, 0.357778, 0
363.886, 0.358677, 0
363.953, 0.352959, 0
364.019, 0.353025, 0
364.086, 0.352164, 0
364.152, 0.347546, 0
364.219, 0.348167, 0
364.286, 0.348796, 0
364.352, 0.367434, 0
364.419, 0.365926, 0
364.485, 0.364078, 0
364.552, 0.36684, 0
364.619, 0.370367, 0
364.685, 0.366362, 0
364.752, 0.367492, 0
364.818, 0.367689, 0
364.885, 0.368445, 0
364.952, 0.373692, 0
365.018, 0.378299, 0
365.085, 0.382176, 0
365.152, 0.393287, 0
365.218, 0.40289, 0
365.285, 0.403044, 0
365.351, 0.41272, 0
365.418, 0.418086, 0
365.485, 0.415266, 0
365.551, 0.421806, 0
365.618, 0.429394, 0
365.684, 0.430023, 0
365.751, 0.4326, 0
365.818, 0.438588, 0
365.884, 0.440957, 0
365.951, 0.442662, 0
366.017, 0.433507, 0
366.084, 0.435147, 0
366.151, 0.434695, 0
366.217, 0.438661, 0
366.284, 0.440343, 0
366.35, 0.439252, 0
366.417, 0.435505, 0
366.484, 0.438654, 0
366.55, 0.443353, 0
366.617, 0.44512, 0
366.684, 0.447373, 0
366.75, 0.448754, 0
366.817, 0.449101, 0
366.883, 0.448048, 0
366.95, 0.448291, 0
367.017, 0.45451, 0
367.083, 0.457056, 0
367.15, 0.457334, 0
367.216, 0.456821, 0
367.283, 0.458322, 0
367.35, 0.45657, 0
367.416, 0.454664, 0
367.483, 0.454367, 0
367.549, 0.453696, 0
367.616, 0.454375, 0
367.683, 0.469167, 0
367.749, 0.467778, 0
367.816, 0.47098, 0
367.883, 0.47012, 0
367.949, 0.474687, 0
368.016, 0.480455, 0
368.082, 0.480208, 0
368.149, 0.482793, 0
368.216, 0.48919, 0
368.282, 0.489128, 0
368.349, 0.495702, 0
368.415, 0.49978, 0
368.482, 0.503113, 0
368.549, 0.506393, 0
368.615, 0.509167, 0
368.682, 0.512917, 0
368.748, 0.519653, 0
368.815, 0.522172, 0
368.882, 0.523623, 0
368.948, 0.526732, 0
369.015, 0.530702, 0
369.081, 0.535313, 0
369.148, 0.53613, 0
369.215, 0.540104, 0
369.281, 0.53907, 0
369.348, 0.535992, 0
369.415, 0.538985, 0
369.481, 0.535382, 0
369.548, 0.53787, 0
369.614, 0.538873, 0
369.681, 0.539317, 0
369.748, 0.537944, 0
369.814, 0.541501, 0
369.881, 0.541466, 0
369.947, 0.546589, 0
370.014, 0.549934, 0
370.081, 0.549321, 0
370.147, 0.552816, 0
370.214, 0.554915, 0
370.28, 0.552141, 0
370.347, 0.555444, 0
370.414, 0.554981, 0
370.48, 0.554159, 0
370.547, 0.560378, 0
370.613, 0.56772, 0
370.68, 0.568735, 0
370.747, 0.570529, 0
370.813, 0.572176, 0
370.88, 0.577708, 0
370.947, 0.58017, 0
371.013, 0.571983, 0
371.08, 0.574001, 0
371.146, 0.576894, 0
371.213, 0.583924, 0
371.28, 0.586092, 0
371.346, 0.591269, 0
371.413, 0.588565, 0
371.479, 0.590787, 0
371.546, 0.592589, 0
371.613, 0.597342, 0
371.679, 0.599954, 0
371.746, 0.601582, 0
371.812, 0.602546, 0
371.879, 0.600617, 0
371.946, 0.603133, 0
372.012, 0.605367, 0
372.079, 0.608935, 0
372.145, 0.610189, 0
372.212, 0.614005, 0
372.279, 0.614487, 0
372.345, 0.611377, 0
372.412, 0.614468, 0
372.479, 0.613395, 0
372.545, 0.617377, 0
372.612, 0.61336, 0
372.678, 0.606717, 0
372.745, 0.609263, 0
372.812, 0.610752, 0
372.878, 0.608349, 0
372.945, 0.605259, 0
373.011, 0.60689, 0
373.078, 0.608553, 0
373.145, 0.611042, 0
373.211, 0.606497, 0
373.278, 0.611609, 0
373.344, 0.613295, 0
373.411, 0.617577, 0
373.478, 0.615675, 0
373.544, 0.618684, 0
373.611, 0.624768, 0
373.678, 0.621343, 0
373.744, 0.621192, 0
373.811, 0.622465, 0
373.877, 0.623738, 0
373.944, 0.622986, 0
374.011, 0.625093, 0
374.077, 0.627407, 0
374.144, 0.627608, 0
374.21, 0.627415, 0
374.277, 0.630208, 0
374.344, 0.627948, 0
374.41, 0.629012, 0
374.477, 0.62951, 0
374.543, 0.628738, 0
374.61, 0.625459, 0
374.677, 0.629444, 0
374.743, 0.630625, 0
374.81, 0.630721, 0
374.876, 0.635089, 0
374.943, 0.635235, 0
375.01, 0.637882, 0
375.076, 0.633769, 0
375.143, 0.637947, 0
375.21, 0.635957, 0
375.276, 0.638017, 0
375.343, 0.635301, 0
375.409, 0.635772, 0
375.476, 0.638059, 0
375.543, 0.639128, 0
375.609, 0.638001, 0
375.676, 0.637434, 0
375.742, 0.638677, 0
375.809, 0.636123, 0
375.876, 0.640177, 0
375.942, 0.640428, 0
376.009, 0.672056, 0
376.075, 0.67522, 0
376.142, 0.674799, 0
376.209, 0.676424, 0
376.275, 0.674468, 0
376.342, 0.672658, 0
376.408, 0.67309, 0
376.475, 0.671536, 0
376.542, 0.670073, 0
376.608, 0.671146, 0
376.675, 0.671273, 0
376.742, 0.671609, 0
376.808, 0.670054, 0
376.875, 0.673611, 0
376.941, 0.670548, 0
377.008, 0.669722, 0
377.075, 0.671034, 0
377.141, 0.67167, 0
377.208, 0.672855, 0
377.274, 0.674796, 0
377.341, 0.674653, 0
377.408, 0.676045, 0
377.474, 0.674367, 0
377.541, 0.67581, 0
377.607, 0.674105, 0
377.674, 0.668218, 0
377.741, 0.665818, 0
377.807, 0.668407, 0
377.874, 0.669255, 0
377.94, 0.671709, 0
378.007, 0.675536, 0
378.074, 0.672647, 0
378.14, 0.668549, 0
378.207, 0.671566, 0
378.274, 0.669255, 0
378.34, 0.674564, 0
378.407, 0.673299, 0
378.473, 0.673708, 0
378.54, 0.673001, 0
378.607, 0.675413, 0
378.673, 0.677982, 0
378.74, 0.67539, 0
378.806, 0.675806, 0
378.873, 0.674738, 0
378.94, 0.674452, 0
379.006, 0.680205, 0
379.073, 0.677596, 0
379.139, 0.674749, 0
379.206, 0.675505, 0
379.273, 0.680783, 0
379.339, 0.671134, 0
379.406, 0.671779, 0
379.473, 0.673017, 0
379.539, 0.669919, 0
379.606, 0.672978, 0
379.672, 0.674159, 0
379.739, 0.676038, 0
379.806, 0.682037, 0
379.872, 0.682546, 0
379.939, 0.687485, 0
380.005, 0.692917, 0
380.072, 0.697334, 0
380.139, 0.694132, 0
380.205, 0.696185, 0
380.272, 0.697234, 0
380.338, 0.69946, 0
380.405, 0.719823, 0
380.472, 0.723191, 0
380.538, 0.72365, 0
380.605, 0.729093, 0
380.671, 0.72853, 0
380.738, 0.731254, 0
380.805, 0.735652, 0
380.871, 0.738696, 0
380.938, 0.73755, 0
381.005, 0.762832, 0
381.071, 0.763935, 0
381.138, 0.76515, 0
381.204, 0.76451, 0
381.271, 0.758792, 0
381.338, 0.763422, 0
381.404, 0.762411, 0
381.471, 0.763418, 0
381.537, 0.767377, 0
381.604, 0.763819, 0
381.671, 0.766593, 0
381.737, 0.769024, 0
381.804, 0.773769, 0
381.87, 0.77512, 0
381.937, 0.774853, 0
382.004, 0.776671, 0
382.07, 0.773615, 0
382.137, 0.777678, 0
